-31.307 -3.4786 -31.307 10
-45.222 -17.393 -27.829 10
45.222 31.307 -34.786 10
-34.786 13.914 -27.829 10
27.829 38.265 -31.307 10
31.307 45.222 -31.307 10
34.786 73.051 -34.786 10
27.829 38.265 -27.829 10
-38.265 38.265 -24.35 10
27.829 41.743 -27.829 10
27.829 45.222 -27.829 10
-38.265 55.658 -20.872 10
13.914 83.486 -27.829 10
-20.872 34.786 -17.393 10
24.35 86.965 -17.393 10
27.829 90.444 -17.393 10
17.393 93.922 -17.393 10
24.35 86.965 -13.914 10
27.829 86.965 -13.914 10
-48.7 76.529 -3.4786 10
27.829 90.444 0 10
-3.4786 69.572 10.436 10
-34.786 86.965 13.914 10
-27.829 86.965 13.914 10
-41.743 -10.436 34.786 10
13.914 -45.222 45.222 10
13.914 -41.743 41.743 10
31.307 -6.9572 41.743 10
17.393 -38.265 55.658 10
17.393 -34.786 55.658 10
-38.265 -3.4786 59.136 10
