27.829 -10.436 -27.829 10
20.872 20.872 -38.265 10
27.829 20.872 -38.265 10
38.265 20.872 -38.265 10
38.265 24.35 -38.265 10
27.829 27.829 -38.265 10
31.307 10.436 -31.307 10
20.872 17.393 -31.307 10
52.179 20.872 -31.307 10
17.393 27.829 -34.786 10
24.35 27.829 -34.786 10
41.743 -13.914 -20.872 10
52.179 -10.436 -20.872 10
52.179 -6.9572 -20.872 10
52.179 -6.9572 -20.872 10
13.914 0 -24.35 10
52.179 10.436 -27.829 10
24.35 27.829 -31.307 10
38.265 27.829 -31.307 10
13.914 31.307 -31.307 10
52.179 -10.436 -17.393 10
27.829 27.829 -27.829 10
31.307 27.829 -27.829 10
20.872 31.307 -27.829 10
6.9572 24.35 -24.35 10
24.35 31.307 -24.35 10
45.222 34.786 -27.829 10
59.136 24.35 -17.393 10
59.136 27.829 -20.872 10
48.7 -10.436 -6.9572 10
52.179 -10.436 -6.9572 10
17.393 -41.743 6.9572 10
17.393 -38.265 3.4786 10
20.872 -38.265 3.4786 10
41.743 -31.307 3.4786 10
41.743 -17.393 0 10
20.872 31.307 -13.914 10
17.393 -48.7 10.436 10
17.393 -41.743 10.436 10
27.829 -41.743 10.436 10
48.7 -38.265 10.436 10
31.307 -34.786 6.9572 10
48.7 -34.786 6.9572 10
45.222 -24.35 3.4786 10
41.743 -20.872 3.4786 10
45.222 -20.872 3.4786 10
13.914 -59.136 17.393 10
45.222 -24.35 6.9572 10
62.615 24.35 -3.4786 10
17.393 -59.136 20.872 10
48.7 -34.786 24.35 10
48.7 -31.307 20.872 10
6.9572 6.9572 10.436 10
6.9572 13.914 10.436 10
34.786 27.829 3.4786 10
55.658 -20.872 24.35 10
52.179 -3.4786 17.393 10
13.914 -59.136 38.265 10
17.393 -59.136 38.265 10
38.265 -24.35 27.829 10
52.179 -20.872 27.829 10
52.179 -17.393 24.35 10
55.658 -17.393 24.35 10
59.136 27.829 13.914 10
34.786 -34.786 34.786 10
41.743 -34.786 34.786 10
48.7 -31.307 31.307 10
48.7 -24.35 31.307 10
55.658 -13.914 27.829 10
52.179 0 24.35 10
17.393 -55.658 41.743 10
20.872 -55.658 41.743 10
20.872 -52.179 41.743 10
48.7 -27.829 34.786 10
52.179 -13.914 31.307 10
55.658 -10.436 31.307 10
55.658 -6.9572 31.307 10
31.307 -3.4786 27.829 10
55.658 -3.4786 27.829 10
3.4786 34.786 17.393 10
27.829 -48.7 45.222 10
3.4786 -41.743 41.743 10
48.7 -3.4786 31.307 10
3.4786 -45.222 48.7 10
3.4786 -41.743 45.222 10
38.265 -6.9572 38.265 10
41.743 -3.4786 34.786 10
10.436 -45.222 52.179 10
3.4786 -41.743 48.7 10
3.4786 -38.265 48.7 10
38.265 -24.35 45.222 10
20.872 -6.9572 41.743 10
20.872 6.9572 38.265 10
41.743 -6.9572 45.222 10
3.4786 -27.829 52.179 10
31.307 10.436 41.743 10
20.872 20.872 41.743 10
6.9572 3.4786 52.179 10
6.9572 3.4786 55.658 10
