13.914 6.9572 -34.786 0
13.914 10.436 -38.265 0
-27.829 -24.35 -24.35 1
31.307 -20.872 -24.35 0
41.743 -20.872 -24.35 0
45.222 -20.872 -24.35 1
27.829 -17.393 -27.829 1
31.307 -17.393 -27.829 0
34.786 -17.393 -27.829 0
38.265 -17.393 -27.829 0
24.35 -13.914 -27.829 1
27.829 -13.914 -27.829 5
31.307 -13.914 -27.829 0
34.786 -13.914 -27.829 0
38.265 -13.914 -27.829 0
45.222 -13.914 -27.829 7
27.829 -10.436 -27.829 10
31.307 -10.436 -27.829 0
34.786 -10.436 -27.829 0
38.265 -10.436 -27.829 0
41.743 -10.436 -27.829 0
31.307 -6.9572 -27.829 0
34.786 -6.9572 -27.829 0
38.265 -6.9572 -27.829 0
41.743 -6.9572 -27.829 0
17.393 -3.4786 -31.307 0
24.35 -3.4786 -31.307 2
27.829 -3.4786 -31.307 3
34.786 -3.4786 -31.307 0
38.265 -3.4786 -31.307 0
41.743 -3.4786 -31.307 0
17.393 0 -31.307 5
20.872 0 -31.307 2
27.829 0 -31.307 0
34.786 0 -31.307 0
38.265 0 -31.307 0
45.222 0 -31.307 0
48.7 0 -31.307 1
20.872 3.4786 -31.307 5
27.829 3.4786 -31.307 0
38.265 3.4786 -31.307 0
48.7 3.4786 -31.307 2
13.914 6.9572 -31.307 4
27.829 6.9572 -31.307 1
34.786 6.9572 -31.307 4
6.9572 10.436 -34.786 0
34.786 10.436 -34.786 0
13.914 13.914 -34.786 0
31.307 13.914 -34.786 3
34.786 13.914 -34.786 0
-10.436 17.393 -34.786 0
10.436 17.393 -34.786 0
34.786 17.393 -34.786 8
17.393 20.872 -38.265 4
20.872 20.872 -38.265 10
27.829 20.872 -38.265 10
34.786 20.872 -38.265 4
38.265 20.872 -38.265 10
45.222 20.872 -38.265 0
13.914 24.35 -38.265 0
20.872 24.35 -38.265 9
24.35 24.35 -38.265 2
31.307 24.35 -38.265 0
38.265 24.35 -38.265 10
41.743 24.35 -38.265 0
45.222 24.35 -38.265 0
48.7 24.35 -38.265 3
52.179 24.35 -38.265 1
27.829 27.829 -38.265 10
31.307 27.829 -38.265 1
38.265 27.829 -38.265 5
41.743 27.829 -38.265 2
45.222 27.829 -38.265 0
24.35 -31.307 -17.393 4
27.829 -31.307 -17.393 0
31.307 -31.307 -17.393 0
34.786 -31.307 -17.393 0
38.265 -31.307 -17.393 7
31.307 -27.829 -20.872 0
41.743 -27.829 -20.872 0
31.307 -24.35 -20.872 0
34.786 -24.35 -20.872 0
38.265 -24.35 -20.872 2
41.743 -24.35 -20.872 2
27.829 -20.872 -20.872 0
31.307 -20.872 -20.872 0
34.786 -20.872 -20.872 0
38.265 -20.872 -20.872 0
45.222 -20.872 -20.872 0
20.872 -17.393 -24.35 0
24.35 -17.393 -24.35 4
27.829 -17.393 -24.35 2
34.786 -17.393 -24.35 0
38.265 -17.393 -24.35 0
41.743 -17.393 -24.35 0
45.222 -17.393 -24.35 5
48.7 -17.393 -24.35 0
20.872 -13.914 -24.35 0
24.35 -13.914 -24.35 0
38.265 -13.914 -24.35 0
41.743 -13.914 -24.35 0
48.7 -13.914 -24.35 5
24.35 -10.436 -24.35 0
31.307 -10.436 -24.35 4
38.265 -10.436 -24.35 1
41.743 -10.436 -24.35 0
45.222 -10.436 -24.35 0
48.7 -10.436 -24.35 0
27.829 -6.9572 -24.35 8
31.307 -6.9572 -24.35 9
41.743 -6.9572 -24.35 0
13.914 -3.4786 -27.829 8
17.393 -3.4786 -27.829 0
24.35 -3.4786 -27.829 0
31.307 -3.4786 -27.829 1
41.743 -3.4786 -27.829 0
45.222 -3.4786 -27.829 0
52.179 -3.4786 -27.829 0
13.914 0 -27.829 0
31.307 0 -27.829 0
34.786 0 -27.829 0
41.743 0 -27.829 0
45.222 0 -27.829 0
48.7 0 -27.829 0
52.179 0 -27.829 0
55.658 0 -27.829 1
31.307 3.4786 -27.829 9
34.786 3.4786 -27.829 8
38.265 3.4786 -27.829 0
41.743 3.4786 -27.829 0
45.222 3.4786 -27.829 0
48.7 3.4786 -27.829 6
52.179 3.4786 -27.829 9
55.658 3.4786 -27.829 8
31.307 6.9572 -27.829 2
38.265 6.9572 -27.829 3
45.222 6.9572 -27.829 1
48.7 6.9572 -27.829 0
52.179 6.9572 -27.829 9
55.658 6.9572 -27.829 7
6.9572 10.436 -31.307 0
13.914 10.436 -31.307 0
24.35 10.436 -31.307 2
31.307 10.436 -31.307 10
38.265 10.436 -31.307 1
41.743 10.436 -31.307 0
45.222 10.436 -31.307 0
48.7 10.436 -31.307 0
52.179 10.436 -31.307 1
55.658 10.436 -31.307 2
13.914 13.914 -31.307 0
20.872 13.914 -31.307 0
24.35 13.914 -31.307 6
38.265 13.914 -31.307 0
41.743 13.914 -31.307 5
48.7 13.914 -31.307 0
52.179 13.914 -31.307 0
55.658 13.914 -31.307 0
13.914 17.393 -31.307 0
17.393 17.393 -31.307 0
20.872 17.393 -31.307 10
38.265 17.393 -31.307 0
41.743 17.393 -31.307 1
55.658 17.393 -31.307 0
38.265 20.872 -34.786 0
41.743 20.872 -34.786 0
52.179 20.872 -31.307 10
6.9572 24.35 -34.786 0
41.743 24.35 -34.786 0
55.658 24.35 -34.786 8
13.914 27.829 -34.786 0
17.393 27.829 -34.786 10
24.35 27.829 -34.786 10
38.265 27.829 -34.786 0
41.743 27.829 -34.786 0
45.222 27.829 -34.786 0
48.7 27.829 -34.786 2
52.179 27.829 -34.786 0
55.658 27.829 -34.786 4
34.786 31.307 -34.786 1
41.743 31.307 -34.786 0
45.222 31.307 -34.786 0
48.7 31.307 -34.786 0
27.829 -34.786 -13.914 1
31.307 -31.307 -13.914 1
34.786 -31.307 -13.914 0
24.35 -31.307 -13.914 9
38.265 -27.829 -13.914 0
24.35 -27.829 -17.393 7
41.743 -24.35 -17.393 0
20.872 -24.35 -17.393 0
24.35 -24.35 -17.393 6
45.222 -20.872 -17.393 0
20.872 -20.872 -17.393 0
24.35 -20.872 -17.393 4
27.829 -20.872 -17.393 0
38.265 -20.872 -17.393 0
20.872 -17.393 -20.872 0
24.35 -17.393 -20.872 0
27.829 -17.393 -20.872 9
38.265 -17.393 -20.872 9
41.743 -17.393 -20.872 7
48.7 -13.914 -20.872 1
20.872 -13.914 -20.872 0
24.35 -13.914 -20.872 1
41.743 -13.914 -20.872 10
48.7 -10.436 -20.872 4
52.179 -10.436 -20.872 10
13.914 -10.436 -20.872 0
20.872 -10.436 -20.872 1
24.35 -10.436 -20.872 2
52.179 -6.9572 -20.872 10
24.35 -6.9572 -20.872 0
27.829 -6.9572 -20.872 0
45.222 -6.9572 -20.872 0
48.7 -6.9572 -20.872 0
52.179 -6.9572 -20.872 10
10.436 -3.4786 -24.35 0
17.393 -3.4786 -24.35 0
24.35 -3.4786 -24.35 0
45.222 -3.4786 -24.35 0
48.7 -3.4786 -24.35 1
13.914 0 -24.35 10
34.786 0 -24.35 1
41.743 0 -24.35 1
48.7 0 -24.35 1
31.307 3.4786 -24.35 8
41.743 3.4786 -24.35 0
13.914 6.9572 -24.35 0
41.743 6.9572 -24.35 0
55.658 6.9572 -24.35 3
59.136 6.9572 -24.35 0
10.436 10.436 -27.829 0
13.914 10.436 -27.829 0
38.265 10.436 -27.829 7
41.743 10.436 -27.829 2
52.179 10.436 -27.829 10
55.658 10.436 -27.829 7
59.136 10.436 -27.829 0
38.265 13.914 -27.829 5
59.136 13.914 -27.829 2
41.743 17.393 -27.829 0
59.136 17.393 -27.829 0
38.265 20.872 -27.829 0
41.743 20.872 -27.829 0
55.658 20.872 -27.829 0
38.265 24.35 -31.307 0
41.743 24.35 -31.307 2
48.7 24.35 -31.307 0
3.4786 27.829 -31.307 0
6.9572 27.829 -31.307 2
24.35 27.829 -31.307 10
38.265 27.829 -31.307 10
48.7 27.829 -31.307 0
55.658 27.829 -31.307 0
6.9572 31.307 -31.307 0
10.436 31.307 -31.307 0
13.914 31.307 -31.307 10
48.7 31.307 -31.307 0
52.179 31.307 -31.307 0
41.743 34.786 -34.786 8
45.222 34.786 -34.786 0
27.829 -31.307 -10.436 1
31.307 -31.307 -10.436 0
34.786 -31.307 -10.436 0
27.829 -27.829 -10.436 0
38.265 -27.829 -10.436 0
41.743 -27.829 -10.436 0
41.743 -24.35 -13.914 0
24.35 -20.872 -13.914 0
31.307 -20.872 -13.914 0
45.222 -20.872 -13.914 0
24.35 -17.393 -13.914 0
27.829 -17.393 -13.914 2
45.222 -17.393 -13.914 0
24.35 -13.914 -17.393 0
27.829 -13.914 -17.393 0
41.743 -13.914 -13.914 0
20.872 -13.914 -17.393 0
52.179 -10.436 -17.393 10
13.914 -10.436 -17.393 0
20.872 -10.436 -17.393 8
10.436 -6.9572 -17.393 0
24.35 -6.9572 -17.393 0
52.179 -3.4786 -17.393 0
6.9572 -3.4786 -20.872 2
55.658 0 -20.872 1
10.436 0 -20.872 0
55.658 3.4786 -20.872 0
10.436 3.4786 -20.872 0
13.914 6.9572 -20.872 0
10.436 10.436 -24.35 1
59.136 24.35 -24.35 0
59.136 27.829 -27.829 0
3.4786 27.829 -27.829 0
27.829 27.829 -27.829 10
31.307 27.829 -27.829 10
3.4786 31.307 -27.829 0
10.436 31.307 -27.829 0
20.872 31.307 -27.829 10
41.743 34.786 -31.307 0
45.222 34.786 -31.307 0
48.7 34.786 -31.307 1
27.829 -31.307 -6.9572 0
31.307 -31.307 -6.9572 3
34.786 -31.307 -6.9572 4
38.265 -31.307 -6.9572 0
27.829 -27.829 -6.9572 1
41.743 -27.829 -6.9572 1
27.829 -24.35 -10.436 0
31.307 -24.35 -10.436 0
45.222 -24.35 -10.436 0
27.829 -20.872 -10.436 2
31.307 -20.872 -10.436 0
45.222 -20.872 -10.436 0
20.872 -17.393 -10.436 0
17.393 -13.914 -10.436 1
20.872 -13.914 -10.436 0
24.35 -13.914 -10.436 0
27.829 -13.914 -10.436 1
48.7 -13.914 -10.436 0
20.872 -10.436 -13.914 0
24.35 -10.436 -13.914 0
17.393 -6.9572 -13.914 0
20.872 -6.9572 -13.914 0
24.35 -6.9572 -13.914 7
6.9572 -3.4786 -13.914 0
10.436 -3.4786 -13.914 0
55.658 -3.4786 -13.914 4
6.9572 -3.4786 -17.393 0
10.436 0 -17.393 0
59.136 6.9572 -17.393 0
6.9572 24.35 -24.35 10
59.136 27.829 -24.35 0
3.4786 27.829 -24.35 1
59.136 31.307 -24.35 0
3.4786 31.307 -24.35 0
24.35 31.307 -24.35 10
6.9572 34.786 -27.829 0
45.222 34.786 -27.829 10
48.7 38.265 -27.829 5
6.9572 -38.265 -3.4786 0
31.307 -27.829 -3.4786 2
34.786 -27.829 -3.4786 0
38.265 -27.829 -3.4786 0
41.743 -27.829 -3.4786 0
34.786 -24.35 -6.9572 0
45.222 -24.35 -6.9572 2
48.7 -17.393 -6.9572 0
10.436 -10.436 -10.436 0
27.829 -10.436 -10.436 0
52.179 -10.436 -10.436 2
24.35 -6.9572 -10.436 0
3.4786 -3.4786 -10.436 0
6.9572 -3.4786 -10.436 0
10.436 -3.4786 -10.436 9
13.914 -3.4786 -10.436 5
55.658 -3.4786 -10.436 7
59.136 3.4786 -13.914 0
59.136 20.872 -17.393 3
59.136 24.35 -17.393 10
59.136 27.829 -20.872 10
3.4786 27.829 -20.872 9
59.136 31.307 -20.872 4
55.658 34.786 -20.872 0
6.9572 -41.743 3.4786 2
10.436 -41.743 3.4786 0
13.914 -41.743 3.4786 4
10.436 -38.265 0 1
13.914 -38.265 0 1
17.393 -38.265 0 2
17.393 -34.786 0 1
20.872 -34.786 0 2
20.872 -31.307 0 9
24.35 -31.307 0 0
31.307 -31.307 0 0
27.829 -27.829 0 0
31.307 -27.829 0 0
34.786 -24.35 -3.4786 0
38.265 -24.35 -3.4786 0
45.222 -20.872 -3.4786 0
45.222 -17.393 -3.4786 0
48.7 -17.393 -3.4786 1
38.265 -13.914 -3.4786 0
48.7 -13.914 -3.4786 0
3.4786 -10.436 -6.9572 0
6.9572 -10.436 -6.9572 0
27.829 -10.436 -6.9572 1
48.7 -10.436 -6.9572 10
52.179 -10.436 -6.9572 10
3.4786 -6.9572 -6.9572 0
20.872 -6.9572 -6.9572 0
52.179 -6.9572 -6.9572 4
55.658 -3.4786 -6.9572 1
59.136 10.436 -10.436 9
59.136 13.914 -13.914 2
59.136 17.393 -13.914 0
59.136 20.872 -13.914 0
-27.829 20.872 -13.914 0
13.914 34.786 -17.393 0
17.393 34.786 -17.393 0
59.136 34.786 -17.393 1
6.9572 -52.179 10.436 0
6.9572 -48.7 6.9572 0
10.436 -48.7 6.9572 0
3.4786 -45.222 6.9572 0
6.9572 -45.222 6.9572 0
13.914 -45.222 6.9572 0
3.4786 -41.743 6.9572 0
17.393 -41.743 6.9572 10
45.222 -41.743 6.9572 5
3.4786 -38.265 3.4786 0
17.393 -38.265 3.4786 10
20.872 -38.265 3.4786 10
24.35 -38.265 3.4786 0
34.786 -38.265 3.4786 2
38.265 -38.265 3.4786 0
41.743 -38.265 3.4786 0
48.7 -38.265 6.9572 0
24.35 -34.786 3.4786 1
34.786 -34.786 3.4786 6
38.265 -34.786 3.4786 0
41.743 -34.786 3.4786 1
48.7 -34.786 3.4786 0
31.307 -31.307 3.4786 0
34.786 -31.307 3.4786 7
41.743 -31.307 3.4786 10
34.786 -27.829 3.4786 3
41.743 -27.829 3.4786 0
41.743 -24.35 0 0
41.743 -20.872 0 0
34.786 -17.393 0 0
38.265 -17.393 0 5
41.743 -17.393 0 10
45.222 -17.393 0 1
38.265 -13.914 0 0
48.7 -13.914 0 1
52.179 -10.436 -3.4786 9
0 0 -6.9572 1
55.658 0 -3.4786 9
59.136 13.914 -10.436 0
-48.7 13.914 -10.436 0
59.136 20.872 -10.436 1
62.615 27.829 -13.914 0
20.872 31.307 -13.914 10
62.615 31.307 -13.914 0
13.914 34.786 -13.914 0
59.136 34.786 -13.914 2
6.9572 -55.658 13.914 0
10.436 -55.658 13.914 1
13.914 -55.658 13.914 7
6.9572 -52.179 13.914 0
10.436 -52.179 13.914 0
13.914 -52.179 13.914 0
13.914 -48.7 10.436 0
17.393 -48.7 10.436 10
3.4786 -45.222 10.436 4
41.743 -45.222 10.436 4
-17.393 -41.743 10.436 1
3.4786 -41.743 10.436 0
17.393 -41.743 10.436 10
20.872 -41.743 10.436 1
27.829 -41.743 10.436 10
31.307 -41.743 10.436 0
38.265 -41.743 10.436 0
48.7 -41.743 10.436 0
31.307 -38.265 10.436 0
48.7 -38.265 10.436 10
27.829 -34.786 6.9572 5
31.307 -34.786 6.9572 10
48.7 -34.786 6.9572 10
48.7 -31.307 6.9572 7
41.743 -27.829 6.9572 0
45.222 -27.829 6.9572 0
45.222 -24.35 3.4786 10
41.743 -20.872 3.4786 10
45.222 -20.872 3.4786 10
41.743 -17.393 3.4786 4
45.222 -17.393 3.4786 0
41.743 -13.914 3.4786 0
45.222 -13.914 3.4786 0
48.7 -13.914 3.4786 0
0 -10.436 0 0
41.743 -10.436 0 0
48.7 -10.436 0 0
52.179 -10.436 0 0
52.179 -6.9572 0 8
0 0 0 3
55.658 3.4786 -3.4786 0
55.658 6.9572 -3.4786 6
0 24.35 -6.9572 4
3.4786 27.829 -10.436 0
62.615 27.829 -10.436 0
34.786 31.307 -10.436 0
38.265 31.307 -10.436 0
10.436 34.786 -10.436 7
13.914 34.786 -10.436 0
17.393 34.786 -10.436 1
41.743 34.786 -10.436 1
6.9572 -59.136 17.393 0
10.436 -59.136 17.393 4
13.914 -59.136 17.393 10
6.9572 -55.658 17.393 0
10.436 -55.658 17.393 0
6.9572 -52.179 17.393 3
17.393 -52.179 17.393 0
20.872 -48.7 13.914 0
31.307 -48.7 13.914 1
34.786 -48.7 13.914 1
17.393 -45.222 13.914 0
20.872 -45.222 13.914 0
24.35 -45.222 13.914 1
27.829 -45.222 13.914 0
31.307 -45.222 13.914 0
34.786 -45.222 13.914 0
45.222 -45.222 13.914 0
27.829 -41.743 13.914 0
34.786 -41.743 13.914 0
52.179 -41.743 13.914 0
-27.829 -38.265 10.436 1
45.222 -27.829 10.436 0
45.222 -24.35 6.9572 10
41.743 -17.393 6.9572 0
48.7 -13.914 6.9572 0
41.743 -10.436 3.4786 0
48.7 -10.436 3.4786 0
52.179 -10.436 3.4786 0
52.179 -6.9572 3.4786 0
55.658 3.4786 0 0
55.658 6.9572 0 0
59.136 13.914 0 4
59.136 17.393 -3.4786 0
59.136 20.872 -3.4786 0
62.615 20.872 -3.4786 0
0 24.35 -3.4786 9
59.136 24.35 -3.4786 0
62.615 24.35 -3.4786 10
3.4786 27.829 -6.9572 0
6.9572 31.307 -6.9572 2
13.914 31.307 -6.9572 8
27.829 31.307 -6.9572 1
10.436 34.786 -6.9572 1
17.393 34.786 -6.9572 1
34.786 34.786 -6.9572 0
52.179 34.786 -6.9572 0
59.136 34.786 -6.9572 1
45.222 38.265 -6.9572 0
13.914 -62.615 20.872 2
6.9572 -59.136 20.872 0
17.393 -59.136 20.872 10
20.872 -59.136 20.872 2
17.393 -55.658 20.872 8
20.872 -55.658 20.872 4
24.35 -55.658 20.872 1
27.829 -55.658 20.872 0
20.872 -52.179 20.872 8
27.829 -52.179 20.872 0
27.829 -48.7 17.393 0
41.743 -45.222 17.393 0
45.222 -45.222 17.393 0
3.4786 -45.222 17.393 0
24.35 -45.222 17.393 0
27.829 -45.222 17.393 1
48.7 -41.743 17.393 9
24.35 -41.743 17.393 0
52.179 -34.786 17.393 8
52.179 -31.307 13.914 2
52.179 -27.829 13.914 0
52.179 -20.872 10.436 0
48.7 -17.393 10.436 0
48.7 -13.914 10.436 0
52.179 -10.436 6.9572 0
52.179 -6.9572 6.9572 0
3.4786 -3.4786 6.9572 7
3.4786 0 6.9572 9
52.179 0 6.9572 6
55.658 3.4786 3.4786 0
55.658 10.436 3.4786 0
55.658 13.914 3.4786 0
55.658 17.393 0 0
3.4786 27.829 -3.4786 3
6.9572 27.829 -3.4786 0
10.436 27.829 -3.4786 6
59.136 27.829 -3.4786 1
10.436 31.307 -3.4786 8
48.7 34.786 -3.4786 0
6.9572 -59.136 24.35 3
10.436 -59.136 24.35 0
13.914 -59.136 24.35 3
6.9572 -55.658 24.35 0
10.436 -55.658 24.35 0
13.914 -55.658 24.35 3
17.393 -55.658 24.35 0
24.35 -55.658 24.35 0
27.829 -55.658 24.35 1
34.786 -52.179 24.35 0
38.265 -52.179 24.35 0
41.743 -48.7 24.35 2
45.222 -48.7 24.35 0
48.7 -38.265 20.872 8
48.7 -34.786 20.872 0
48.7 -31.307 17.393 1
52.179 -27.829 17.393 0
52.179 -24.35 17.393 2
55.658 -20.872 17.393 2
55.658 -17.393 13.914 7
48.7 -10.436 13.914 0
52.179 -6.9572 10.436 0
52.179 -3.4786 10.436 0
3.4786 -3.4786 10.436 9
52.179 0 10.436 0
3.4786 3.4786 6.9572 9
52.179 3.4786 6.9572 0
55.658 3.4786 6.9572 9
55.658 17.393 3.4786 0
10.436 24.35 3.4786 6
10.436 -59.136 27.829 0
13.914 -59.136 27.829 2
3.4786 -55.658 27.829 0
20.872 -55.658 27.829 0
24.35 -55.658 27.829 2
34.786 -55.658 27.829 0
24.35 -52.179 27.829 0
38.265 -52.179 27.829 0
45.222 -48.7 27.829 0
48.7 -34.786 24.35 10
48.7 -31.307 20.872 10
48.7 -24.35 20.872 0
52.179 -24.35 20.872 6
55.658 -20.872 20.872 8
55.658 -13.914 17.393 9
3.4786 -13.914 17.393 2
55.658 -10.436 17.393 0
3.4786 -10.436 13.914 0
55.658 -6.9572 13.914 7
3.4786 -6.9572 13.914 1
52.179 -3.4786 13.914 5
0 -3.4786 13.914 0
3.4786 -3.4786 13.914 3
52.179 0 13.914 0
0 0 13.914 0
52.179 6.9572 10.436 0
6.9572 6.9572 10.436 10
6.9572 10.436 10.436 9
6.9572 13.914 10.436 10
59.136 24.35 6.9572 3
10.436 24.35 6.9572 0
34.786 27.829 3.4786 10
10.436 -59.136 31.307 1
13.914 -59.136 31.307 0
3.4786 -55.658 31.307 0
20.872 -55.658 31.307 0
27.829 -55.658 31.307 1
20.872 -52.179 31.307 0
34.786 -52.179 31.307 4
38.265 -52.179 31.307 2
41.743 -48.7 31.307 3
20.872 -45.222 27.829 0
24.35 -45.222 27.829 1
45.222 -45.222 27.829 3
45.222 -41.743 27.829 0
48.7 -34.786 27.829 0
52.179 -27.829 24.35 0
41.743 -24.35 24.35 0
48.7 -24.35 24.35 0
52.179 -24.35 24.35 0
55.658 -20.872 24.35 10
45.222 -6.9572 17.393 0
48.7 -6.9572 17.393 0
55.658 -6.9572 17.393 9
52.179 -3.4786 17.393 10
3.4786 -3.4786 17.393 0
52.179 0 17.393 0
3.4786 0 17.393 0
3.4786 3.4786 13.914 0
6.9572 3.4786 13.914 0
52.179 6.9572 13.914 0
3.4786 6.9572 13.914 0
6.9572 6.9572 13.914 4
6.9572 10.436 13.914 1
59.136 20.872 10.436 0
59.136 24.35 10.436 0
59.136 27.829 10.436 0
0 27.829 6.9572 0
13.914 -59.136 38.265 10
17.393 -59.136 38.265 10
6.9572 -55.658 34.786 5
24.35 -55.658 34.786 0
6.9572 -52.179 34.786 0
10.436 -52.179 34.786 9
24.35 -52.179 34.786 0
27.829 -52.179 34.786 9
34.786 -52.179 34.786 3
24.35 -48.7 34.786 0
27.829 -48.7 34.786 8
3.4786 -45.222 31.307 7
24.35 -45.222 31.307 0
27.829 -45.222 31.307 1
3.4786 -41.743 31.307 1
45.222 -41.743 31.307 0
3.4786 -38.265 31.307 1
48.7 -38.265 31.307 0
3.4786 -34.786 31.307 1
48.7 -34.786 31.307 0
38.265 -31.307 27.829 0
45.222 -31.307 27.829 0
48.7 -31.307 27.829 0
48.7 -27.829 27.829 0
38.265 -24.35 27.829 10
41.743 -24.35 27.829 0
48.7 -24.35 27.829 9
52.179 -20.872 27.829 10
52.179 -17.393 24.35 10
55.658 -17.393 24.35 10
55.658 -13.914 24.35 0
55.658 -10.436 24.35 0
45.222 -6.9572 20.872 0
48.7 -6.9572 24.35 1
55.658 -6.9572 24.35 0
55.658 -3.4786 20.872 0
52.179 0 20.872 2
52.179 6.9572 17.393 0
55.658 10.436 17.393 0
27.829 27.829 13.914 0
59.136 27.829 13.914 10
0 27.829 10.436 0
3.4786 27.829 10.436 1
55.658 31.307 13.914 2
59.136 31.307 13.914 1
0 31.307 10.436 0
45.222 34.786 10.436 0
38.265 38.265 10.436 1
6.9572 -55.658 38.265 2
24.35 -55.658 38.265 1
6.9572 -52.179 38.265 0
34.786 -48.7 38.265 1
38.265 -48.7 38.265 1
27.829 -45.222 34.786 0
38.265 -45.222 34.786 0
3.4786 -41.743 34.786 0
45.222 -41.743 34.786 0
31.307 -38.265 34.786 0
3.4786 -34.786 34.786 0
34.786 -34.786 34.786 10
41.743 -34.786 34.786 10
45.222 -34.786 34.786 6
3.4786 -31.307 31.307 2
38.265 -31.307 31.307 6
48.7 -31.307 31.307 10
34.786 -24.35 31.307 3
38.265 -24.35 31.307 2
45.222 -24.35 31.307 0
48.7 -24.35 31.307 10
41.743 -20.872 31.307 0
48.7 -17.393 27.829 3
52.179 -17.393 27.829 0
0 -13.914 27.829 0
52.179 -13.914 27.829 0
55.658 -13.914 27.829 10
0 -10.436 27.829 0
55.658 -10.436 27.829 0
0 -6.9572 24.35 0
48.7 -6.9572 27.829 0
0 -3.4786 24.35 1
48.7 -3.4786 24.35 0
38.265 0 24.35 0
48.7 0 24.35 0
52.179 0 24.35 10
45.222 3.4786 24.35 0
52.179 10.436 20.872 0
55.658 10.436 20.872 1
48.7 13.914 20.872 7
55.658 17.393 20.872 8
55.658 20.872 17.393 8
0 31.307 17.393 0
55.658 31.307 17.393 0
0 34.786 13.914 0
3.4786 34.786 13.914 1
34.786 34.786 13.914 5
45.222 34.786 13.914 0
48.7 34.786 13.914 2
52.179 34.786 13.914 0
41.743 38.265 13.914 0
17.393 -55.658 41.743 10
20.872 -55.658 41.743 10
6.9572 -52.179 41.743 7
17.393 -52.179 41.743 8
20.872 -52.179 41.743 10
27.829 -52.179 41.743 2
17.393 -48.7 41.743 0
20.872 -48.7 41.743 0
-24.35 -45.222 38.265 2
34.786 -45.222 41.743 6
41.743 -45.222 41.743 2
3.4786 -41.743 38.265 0
31.307 -41.743 38.265 5
3.4786 -38.265 38.265 0
31.307 -38.265 38.265 2
41.743 -38.265 38.265 0
45.222 -38.265 38.265 9
3.4786 -34.786 38.265 0
45.222 -34.786 38.265 2
45.222 -31.307 34.786 1
3.4786 -27.829 34.786 8
6.9572 -27.829 34.786 0
27.829 -27.829 34.786 1
48.7 -27.829 34.786 10
45.222 -24.35 34.786 0
48.7 -24.35 34.786 9
3.4786 -20.872 34.786 0
48.7 -20.872 34.786 7
3.4786 -17.393 31.307 0
48.7 -17.393 31.307 4
45.222 -13.914 31.307 7
52.179 -13.914 31.307 10
0 -10.436 31.307 0
45.222 -10.436 31.307 4
55.658 -10.436 31.307 10
0 -6.9572 27.829 0
48.7 -6.9572 31.307 4
55.658 -6.9572 31.307 10
0 -3.4786 27.829 0
31.307 -3.4786 27.829 10
48.7 -3.4786 27.829 8
55.658 -3.4786 27.829 10
0 0 27.829 0
34.786 0 27.829 1
38.265 0 27.829 0
41.743 0 27.829 0
45.222 0 27.829 1
48.7 0 27.829 3
0 3.4786 27.829 2
52.179 3.4786 27.829 0
0 6.9572 24.35 6
59.136 6.9572 24.35 0
0 10.436 24.35 7
52.179 10.436 24.35 0
0 13.914 24.35 3
52.179 13.914 24.35 6
0 17.393 24.35 1
0 20.872 20.872 0
0 24.35 20.872 0
55.658 24.35 20.872 0
0 27.829 20.872 0
6.9572 27.829 20.872 0
31.307 27.829 20.872 1
34.786 27.829 20.872 0
55.658 27.829 20.872 0
0 31.307 20.872 0
55.658 31.307 20.872 1
0 34.786 17.393 0
3.4786 34.786 17.393 10
10.436 -55.658 45.222 2
13.914 -55.658 45.222 8
6.9572 -52.179 45.222 3
17.393 -52.179 45.222 1
24.35 -48.7 45.222 0
27.829 -48.7 45.222 10
20.872 -45.222 45.222 2
27.829 -45.222 45.222 0
3.4786 -41.743 41.743 10
20.872 -41.743 41.743 9
24.35 -41.743 41.743 1
31.307 -41.743 41.743 0
38.265 -41.743 41.743 1
3.4786 -38.265 41.743 3
27.829 -38.265 41.743 0
31.307 -38.265 41.743 0
38.265 -38.265 41.743 4
41.743 -38.265 41.743 5
31.307 -34.786 41.743 0
31.307 -31.307 38.265 0
41.743 -31.307 38.265 0
27.829 -27.829 38.265 1
31.307 -27.829 38.265 0
45.222 -27.829 38.265 2
3.4786 -24.35 38.265 1
31.307 -24.35 38.265 0
38.265 -24.35 38.265 0
45.222 -24.35 38.265 1
20.872 -20.872 38.265 3
41.743 -20.872 38.265 1
48.7 -20.872 38.265 1
3.4786 -17.393 34.786 6
24.35 -17.393 34.786 0
27.829 -17.393 34.786 0
48.7 -17.393 34.786 0
3.4786 -13.914 34.786 0
41.743 -13.914 34.786 7
48.7 -13.914 34.786 0
45.222 -10.436 34.786 0
52.179 -10.436 34.786 0
0 -6.9572 34.786 7
31.307 -6.9572 34.786 0
45.222 -6.9572 34.786 3
52.179 -6.9572 34.786 1
31.307 -3.4786 31.307 0
45.222 -3.4786 31.307 7
48.7 -3.4786 31.307 10
34.786 0 31.307 5
38.265 0 31.307 3
41.743 0 31.307 0
45.222 3.4786 31.307 0
48.7 3.4786 31.307 6
0 6.9572 27.829 0
48.7 6.9572 27.829 0
52.179 6.9572 27.829 0
0 10.436 27.829 0
52.179 10.436 27.829 0
0 13.914 27.829 0
-45.222 17.393 27.829 0
0 17.393 27.829 0
55.658 17.393 27.829 0
13.914 20.872 24.35 0
24.35 20.872 24.35 0
27.829 20.872 24.35 2
52.179 20.872 24.35 7
0 27.829 24.35 0
34.786 27.829 24.35 0
38.265 27.829 24.35 0
48.7 27.829 24.35 0
52.179 27.829 24.35 1
10.436 -52.179 48.7 5
3.4786 -48.7 48.7 0
10.436 -48.7 48.7 5
13.914 -48.7 48.7 2
17.393 -48.7 48.7 0
3.4786 -45.222 48.7 10
13.914 -45.222 48.7 0
20.872 -45.222 48.7 8
24.35 -45.222 48.7 0
3.4786 -41.743 45.222 10
27.829 -41.743 45.222 3
3.4786 -38.265 45.222 8
31.307 -38.265 45.222 0
3.4786 -34.786 45.222 0
31.307 -34.786 45.222 2
38.265 -34.786 45.222 0
31.307 -31.307 41.743 3
3.4786 -27.829 41.743 0
20.872 -27.829 41.743 3
31.307 -27.829 41.743 0
45.222 -27.829 41.743 2
3.4786 -24.35 41.743 5
27.829 -24.35 41.743 4
31.307 -24.35 41.743 0
38.265 -24.35 41.743 0
3.4786 -20.872 41.743 1
20.872 -20.872 41.743 1
24.35 -20.872 41.743 0
45.222 -20.872 41.743 1
-38.265 -17.393 38.265 0
3.4786 -17.393 38.265 0
24.35 -17.393 38.265 0
27.829 -17.393 38.265 0
31.307 -17.393 38.265 0
41.743 -17.393 38.265 1
3.4786 -13.914 38.265 0
24.35 -13.914 38.265 5
27.829 -13.914 38.265 0
38.265 -13.914 38.265 3
41.743 -13.914 38.265 0
48.7 -13.914 38.265 1
0 -10.436 38.265 0
45.222 -10.436 38.265 2
38.265 -6.9572 38.265 10
41.743 -6.9572 38.265 8
45.222 -6.9572 38.265 0
34.786 -3.4786 34.786 4
38.265 -3.4786 34.786 9
41.743 -3.4786 34.786 10
-3.4786 0 34.786 2
0 0 34.786 1
31.307 0 34.786 0
34.786 0 34.786 0
41.743 0 34.786 0
0 3.4786 34.786 0
45.222 3.4786 34.786 8
45.222 6.9572 34.786 0
0 10.436 31.307 0
6.9572 10.436 31.307 0
24.35 10.436 31.307 0
45.222 10.436 31.307 0
48.7 10.436 31.307 0
52.179 10.436 31.307 3
0 13.914 31.307 0
0 17.393 31.307 2
0 20.872 27.829 2
20.872 20.872 27.829 7
0 24.35 27.829 1
0 27.829 27.829 0
3.4786 27.829 27.829 0
6.9572 27.829 27.829 0
38.265 27.829 27.829 1
45.222 27.829 27.829 0
6.9572 -48.7 52.179 1
6.9572 -45.222 52.179 8
10.436 -45.222 52.179 10
17.393 -45.222 52.179 1
3.4786 -41.743 48.7 10
13.914 -41.743 48.7 0
17.393 -41.743 48.7 0
24.35 -41.743 48.7 0
3.4786 -38.265 48.7 10
17.393 -38.265 48.7 0
20.872 -38.265 48.7 3
24.35 -38.265 48.7 0
27.829 -38.265 48.7 0
3.4786 -34.786 48.7 3
31.307 -34.786 48.7 0
3.4786 -31.307 45.222 0
24.35 -31.307 45.222 2
31.307 -31.307 45.222 0
3.4786 -27.829 45.222 0
20.872 -27.829 45.222 0
24.35 -27.829 45.222 0
27.829 -27.829 45.222 0
31.307 -27.829 45.222 0
34.786 -27.829 45.222 0
41.743 -27.829 45.222 0
3.4786 -24.35 45.222 3
20.872 -24.35 45.222 0
24.35 -24.35 45.222 0
38.265 -24.35 45.222 10
3.4786 -20.872 45.222 5
24.35 -20.872 45.222 0
27.829 -20.872 45.222 0
31.307 -20.872 45.222 0
34.786 -20.872 45.222 1
-20.872 -17.393 41.743 0
3.4786 -17.393 41.743 0
27.829 -17.393 41.743 1
31.307 -17.393 41.743 0
34.786 -17.393 41.743 8
38.265 -17.393 41.743 5
17.393 -13.914 41.743 5
24.35 -13.914 41.743 1
27.829 -13.914 41.743 2
34.786 -13.914 41.743 4
38.265 -13.914 41.743 3
-41.743 -10.436 41.743 6
0 -10.436 41.743 0
17.393 -10.436 41.743 6
41.743 -10.436 41.743 3
20.872 -6.9572 41.743 10
41.743 -6.9572 41.743 0
20.872 -3.4786 38.265 4
24.35 -3.4786 38.265 1
41.743 -3.4786 38.265 1
20.872 0 38.265 9
31.307 0 38.265 6
34.786 0 38.265 0
41.743 0 38.265 1
45.222 0 38.265 2
0 3.4786 38.265 0
20.872 3.4786 38.265 9
0 6.9572 34.786 0
20.872 6.9572 38.265 10
41.743 6.9572 38.265 0
0 10.436 34.786 0
3.4786 10.436 34.786 0
6.9572 10.436 34.786 0
20.872 10.436 34.786 3
24.35 10.436 34.786 0
41.743 10.436 34.786 0
0 13.914 34.786 0
27.829 13.914 34.786 7
45.222 13.914 34.786 0
38.265 17.393 34.786 0
45.222 17.393 34.786 0
41.743 20.872 31.307 8
0 24.35 31.307 1
38.265 27.829 31.307 1
6.9572 -41.743 52.179 9
10.436 -41.743 52.179 1
13.914 -38.265 52.179 0
3.4786 -38.265 52.179 0
13.914 -38.265 52.179 0
3.4786 -34.786 52.179 0
13.914 -34.786 52.179 0
17.393 -34.786 52.179 0
20.872 -31.307 52.179 7
27.829 -31.307 52.179 4
3.4786 -31.307 48.7 1
13.914 -31.307 48.7 0
3.4786 -27.829 48.7 0
24.35 -27.829 48.7 0
34.786 -24.35 48.7 0
3.4786 -24.35 48.7 0
31.307 -20.872 48.7 0
34.786 -20.872 48.7 0
13.914 -20.872 48.7 9
-20.872 -17.393 45.222 1
3.4786 -17.393 45.222 0
20.872 -17.393 45.222 0
27.829 -17.393 45.222 0
31.307 -17.393 45.222 0
3.4786 -13.914 45.222 0
20.872 -13.914 45.222 0
24.35 -13.914 45.222 0
34.786 -13.914 45.222 0
17.393 -10.436 45.222 0
27.829 -10.436 45.222 1
31.307 -10.436 45.222 0
34.786 -10.436 45.222 4
38.265 -10.436 45.222 8
17.393 -6.9572 45.222 0
20.872 -6.9572 45.222 0
24.35 -6.9572 45.222 0
34.786 -6.9572 45.222 0
38.265 -6.9572 45.222 0
41.743 -6.9572 45.222 10
0 -3.4786 41.743 0
6.9572 -3.4786 41.743 0
20.872 -3.4786 41.743 0
24.35 -3.4786 41.743 0
38.265 -3.4786 41.743 0
31.307 0 41.743 0
34.786 0 41.743 0
38.265 0 41.743 0
45.222 0 41.743 2
20.872 3.4786 41.743 9
24.35 3.4786 41.743 6
0 6.9572 41.743 0
20.872 6.9572 41.743 8
24.35 6.9572 41.743 0
38.265 6.9572 41.743 0
6.9572 10.436 38.265 3
20.872 10.436 38.265 0
24.35 10.436 38.265 0
0 13.914 38.265 0
31.307 13.914 38.265 1
38.265 13.914 38.265 1
-10.436 17.393 38.265 1
0 20.872 34.786 0
31.307 20.872 34.786 5
38.265 20.872 34.786 4
20.872 24.35 34.786 0
3.4786 -34.786 55.658 0
6.9572 -34.786 55.658 9
10.436 -34.786 55.658 0
3.4786 -31.307 55.658 0
6.9572 -31.307 55.658 9
10.436 -31.307 55.658 1
3.4786 -27.829 55.658 9
10.436 -27.829 55.658 1
17.393 -27.829 55.658 1
20.872 -27.829 55.658 0
3.4786 -27.829 52.179 10
13.914 -24.35 52.179 0
17.393 -24.35 52.179 1
20.872 -24.35 52.179 5
24.35 -24.35 52.179 0
-13.914 -24.35 52.179 2
3.4786 -24.35 52.179 0
10.436 -20.872 52.179 0
13.914 -20.872 52.179 4
17.393 -20.872 52.179 0
20.872 -20.872 52.179 0
24.35 -20.872 52.179 8
3.4786 -20.872 52.179 0
17.393 -17.393 52.179 0
24.35 -17.393 52.179 0
3.4786 -17.393 48.7 2
20.872 -13.914 48.7 0
24.35 -13.914 48.7 0
13.914 -13.914 48.7 4
20.872 -10.436 48.7 0
24.35 -10.436 48.7 0
27.829 -10.436 48.7 3
31.307 -10.436 48.7 0
3.4786 -10.436 48.7 8
13.914 -10.436 48.7 1
17.393 -10.436 48.7 0
20.872 -6.9572 48.7 0
27.829 -6.9572 48.7 0
0 -6.9572 48.7 0
13.914 -6.9572 48.7 1
17.393 -6.9572 48.7 0
20.872 -6.9572 48.7 0
24.35 -3.4786 48.7 0
31.307 -3.4786 48.7 0
24.35 -3.4786 45.222 0
31.307 0 45.222 0
34.786 0 45.222 0
0 0 45.222 0
20.872 0 45.222 0
24.35 0 45.222 0
31.307 3.4786 45.222 1
34.786 3.4786 45.222 0
0 3.4786 45.222 0
34.786 6.9572 45.222 0
38.265 6.9572 45.222 2
24.35 6.9572 45.222 0
34.786 10.436 45.222 0
3.4786 10.436 41.743 0
6.9572 10.436 41.743 0
27.829 10.436 41.743 0
31.307 10.436 41.743 10
34.786 10.436 41.743 0
27.829 13.914 41.743 0
31.307 13.914 41.743 6
27.829 17.393 41.743 0
31.307 17.393 41.743 5
0 20.872 38.265 0
20.872 20.872 38.265 2
24.35 20.872 38.265 6
27.829 20.872 38.265 4
20.872 24.35 38.265 0
24.35 24.35 38.265 0
3.4786 -31.307 59.136 3
3.4786 -27.829 59.136 1
6.9572 -27.829 59.136 1
3.4786 -24.35 55.658 0
6.9572 -24.35 55.658 9
10.436 -24.35 55.658 4
3.4786 -20.872 55.658 0
6.9572 -20.872 55.658 8
10.436 -20.872 55.658 0
3.4786 -17.393 55.658 2
10.436 -17.393 55.658 0
17.393 -17.393 55.658 9
20.872 -17.393 55.658 0
3.4786 -13.914 52.179 5
10.436 -13.914 52.179 3
17.393 -13.914 52.179 0
20.872 -13.914 52.179 0
3.4786 -10.436 52.179 2
13.914 -10.436 52.179 2
17.393 -10.436 52.179 0
13.914 -6.9572 52.179 0
24.35 -6.9572 52.179 0
3.4786 -3.4786 52.179 0
13.914 -3.4786 52.179 0
17.393 -3.4786 52.179 0
20.872 -3.4786 52.179 0
24.35 -3.4786 52.179 0
27.829 -3.4786 52.179 1
31.307 -3.4786 52.179 0
24.35 0 48.7 0
31.307 0 48.7 0
0 0 48.7 1
10.436 3.4786 48.7 9
24.35 3.4786 48.7 0
31.307 3.4786 48.7 0
0 3.4786 48.7 0
13.914 6.9572 48.7 0
24.35 6.9572 48.7 0
31.307 6.9572 48.7 0
27.829 10.436 48.7 2
31.307 10.436 48.7 0
3.4786 10.436 45.222 0
24.35 20.872 45.222 5
0 20.872 41.743 1
20.872 20.872 41.743 10
24.35 24.35 41.743 9
3.4786 -17.393 59.136 0
6.9572 -17.393 59.136 0
10.436 -17.393 59.136 0
3.4786 -13.914 55.658 0
10.436 -13.914 55.658 1
3.4786 -10.436 55.658 0
6.9572 -10.436 55.658 0
10.436 -10.436 55.658 3
13.914 -10.436 55.658 0
3.4786 -6.9572 55.658 0
10.436 -6.9572 55.658 0
13.914 -6.9572 55.658 0
3.4786 -3.4786 55.658 0
13.914 -3.4786 55.658 0
17.393 -3.4786 55.658 0
0 0 52.179 0
6.9572 0 52.179 4
20.872 0 52.179 2
0 3.4786 52.179 0
6.9572 3.4786 52.179 10
10.436 3.4786 52.179 4
13.914 3.4786 52.179 1
20.872 3.4786 52.179 8
0 6.9572 52.179 0
10.436 6.9572 52.179 0
20.872 6.9572 52.179 0
24.35 6.9572 52.179 1
0 10.436 52.179 2
17.393 10.436 52.179 1
20.872 10.436 52.179 0
24.35 10.436 52.179 0
3.4786 13.914 48.7 0
17.393 13.914 48.7 0
20.872 13.914 48.7 0
0 17.393 48.7 0
13.914 17.393 48.7 0
17.393 17.393 48.7 0
20.872 17.393 48.7 0
13.914 20.872 48.7 0
20.872 20.872 48.7 0
17.393 24.35 48.7 1
3.4786 -3.4786 59.136 0
6.9572 3.4786 55.658 10
0 6.9572 55.658 5
6.9572 6.9572 55.658 2
10.436 6.9572 55.658 0
0 10.436 55.658 8
10.436 10.436 55.658 0
3.4786 13.914 52.179 0
10.436 13.914 52.179 0
3.4786 17.393 52.179 4
6.9572 17.393 52.179 0
3.4786 20.872 52.179 6
0 10.436 59.136 8
