-27.829 -20.872 -41.743 0
-31.307 -17.393 -41.743 0
-27.829 -17.393 -41.743 4
-20.872 -13.914 -41.743 0
-17.393 -13.914 -41.743 0
-10.436 -13.914 -41.743 0
-41.743 -10.436 -41.743 3
-38.265 -10.436 -41.743 0
-34.786 -10.436 -41.743 0
-31.307 -10.436 -41.743 1
-27.829 -10.436 -41.743 0
-24.35 -10.436 -41.743 0
-20.872 -10.436 -41.743 0
-17.393 -10.436 -41.743 0
-45.222 -6.9572 -41.743 1
-31.307 -6.9572 -41.743 0
-27.829 -6.9572 -41.743 0
-24.35 -6.9572 -41.743 0
-20.872 -6.9572 -41.743 0
20.872 -3.4786 -41.743 0
-31.307 -3.4786 -41.743 0
-27.829 -3.4786 -41.743 0
-24.35 -3.4786 -41.743 0
-20.872 -3.4786 -41.743 0
20.872 0 -41.743 0
24.35 0 -41.743 0
27.829 0 -41.743 0
-48.7 0 -41.743 0
24.35 3.4786 -41.743 0
27.829 3.4786 -41.743 0
31.307 3.4786 -41.743 1
31.307 6.9572 -41.743 6
-27.829 -20.872 -34.786 0
-20.872 -20.872 -34.786 0
-38.265 -17.393 -38.265 0
-34.786 -17.393 -38.265 0
-31.307 -17.393 -38.265 0
-27.829 -17.393 -38.265 0
-24.35 -17.393 -34.786 0
-13.914 -17.393 -34.786 3
-10.436 -17.393 -34.786 4
-34.786 -13.914 -38.265 0
-31.307 -13.914 -38.265 0
-27.829 -13.914 -38.265 0
-24.35 -13.914 -38.265 0
-10.436 -13.914 -34.786 0
27.829 -10.436 -34.786 1
31.307 -10.436 -34.786 5
-31.307 -10.436 -38.265 0
-27.829 -10.436 -38.265 0
-20.872 -10.436 -38.265 0
-17.393 -10.436 -38.265 0
20.872 -6.9572 -34.786 0
24.35 -6.9572 -34.786 0
27.829 -6.9572 -34.786 7
34.786 -6.9572 -34.786 0
-45.222 -6.9572 -38.265 10
-38.265 -6.9572 -38.265 0
-34.786 -6.9572 -38.265 0
-31.307 -6.9572 -38.265 0
-17.393 -6.9572 -38.265 0
20.872 -3.4786 -34.786 0
27.829 -3.4786 -34.786 0
31.307 -3.4786 -34.786 0
38.265 -3.4786 -34.786 0
-48.7 -3.4786 -38.265 0
-45.222 -3.4786 -38.265 2
-34.786 -3.4786 -38.265 0
-31.307 -3.4786 -38.265 5
-24.35 -3.4786 -38.265 0
20.872 0 -34.786 1
27.829 0 -34.786 0
38.265 0 -34.786 0
-48.7 0 -38.265 2
-41.743 0 -38.265 0
-38.265 0 -38.265 0
20.872 3.4786 -34.786 0
38.265 3.4786 -34.786 2
-38.265 3.4786 -38.265 0
-34.786 3.4786 -38.265 0
-31.307 3.4786 -38.265 0
31.307 6.9572 -34.786 3
34.786 6.9572 -34.786 1
41.743 6.9572 -34.786 0
27.829 10.436 -34.786 0
31.307 10.436 -34.786 0
41.743 10.436 -34.786 0
45.222 10.436 -34.786 0
41.743 13.914 -34.786 0
-27.829 -27.829 -31.307 3
-24.35 -27.829 -31.307 2
-31.307 -24.35 -31.307 8
-24.35 -24.35 -31.307 0
-20.872 -24.35 -31.307 0
-17.393 -24.35 -31.307 0
-38.265 -20.872 -31.307 0
-34.786 -20.872 -31.307 1
-31.307 -20.872 -31.307 0
-27.829 -20.872 -31.307 0
-17.393 -20.872 -31.307 0
-13.914 -20.872 -31.307 0
-41.743 -17.393 -31.307 0
-24.35 -17.393 -31.307 0
-20.872 -17.393 -31.307 0
-13.914 -17.393 -31.307 0
-10.436 -17.393 -31.307 0
27.829 -17.393 -31.307 0
31.307 -13.914 -31.307 0
34.786 -13.914 -31.307 0
-45.222 -13.914 -31.307 3
-41.743 -13.914 -31.307 0
-31.307 -13.914 -31.307 0
-27.829 -13.914 -31.307 0
-24.35 -13.914 -31.307 0
-10.436 -13.914 -31.307 3
20.872 -10.436 -31.307 5
38.265 -10.436 -31.307 0
45.222 -10.436 -31.307 0
-45.222 -10.436 -31.307 0
-31.307 -10.436 -31.307 0
-20.872 -10.436 -31.307 0
-17.393 -10.436 -31.307 0
-13.914 -10.436 -31.307 0
20.872 -6.9572 -31.307 0
38.265 -6.9572 -31.307 0
41.743 -6.9572 -31.307 0
-48.7 -6.9572 -31.307 5
-45.222 -6.9572 -31.307 0
-34.786 -6.9572 -31.307 0
-31.307 -6.9572 -31.307 0
-17.393 -6.9572 -31.307 0
20.872 -3.4786 -31.307 0
45.222 -3.4786 -31.307 0
-17.393 -3.4786 -31.307 2
20.872 0 -31.307 0
48.7 0 -31.307 0
-41.743 0 -31.307 0
-38.265 0 -31.307 0
-20.872 0 -31.307 0
20.872 3.4786 -31.307 0
38.265 3.4786 -31.307 2
41.743 3.4786 -31.307 0
48.7 3.4786 -31.307 7
-48.7 3.4786 -34.786 1
-45.222 3.4786 -34.786 0
-41.743 3.4786 -34.786 0
-38.265 3.4786 -34.786 1
-24.35 6.9572 -31.307 0
-20.872 6.9572 -31.307 0
20.872 6.9572 -31.307 0
41.743 6.9572 -31.307 0
45.222 6.9572 -31.307 0
-38.265 6.9572 -34.786 0
24.35 10.436 -31.307 0
31.307 10.436 -31.307 3
34.786 10.436 -31.307 1
24.35 13.914 -31.307 0
31.307 13.914 -31.307 0
38.265 13.914 -31.307 5
45.222 13.914 -31.307 0
48.7 13.914 -31.307 1
41.743 17.393 -31.307 0
45.222 17.393 -31.307 0
-27.829 -27.829 -27.829 0
-20.872 -27.829 -27.829 0
-38.265 -24.35 -27.829 0
-34.786 -24.35 -27.829 1
-13.914 -24.35 -27.829 0
-41.743 -20.872 -27.829 0
-38.265 -20.872 -27.829 0
-13.914 -20.872 -27.829 0
-10.436 -20.872 -27.829 0
31.307 -20.872 -27.829 0
34.786 -20.872 -27.829 0
-45.222 -17.393 -27.829 1
-34.786 -17.393 -27.829 0
-10.436 -17.393 -27.829 0
27.829 -17.393 -27.829 3
34.786 -13.914 -27.829 0
41.743 -13.914 -27.829 0
-17.393 -13.914 -27.829 0
-10.436 -13.914 -27.829 2
20.872 -10.436 -27.829 1
41.743 -10.436 -27.829 0
-17.393 -10.436 -27.829 0
20.872 -6.9572 -27.829 0
45.222 -6.9572 -27.829 0
-52.179 -6.9572 -27.829 0
-45.222 -6.9572 -27.829 0
-38.265 -6.9572 -27.829 0
-34.786 -6.9572 -27.829 4
20.872 -3.4786 -27.829 0
41.743 -3.4786 -27.829 2
45.222 -3.4786 -27.829 0
-55.658 -3.4786 -27.829 1
-52.179 -3.4786 -27.829 0
-17.393 -3.4786 -27.829 9
17.393 0 -27.829 0
48.7 0 -27.829 2
17.393 3.4786 -27.829 0
38.265 3.4786 -27.829 0
41.743 3.4786 -27.829 0
48.7 3.4786 -27.829 0
-52.179 3.4786 -27.829 0
-48.7 3.4786 -27.829 0
-41.743 3.4786 -27.829 0
-34.786 3.4786 -27.829 0
-31.307 3.4786 -27.829 0
-20.872 6.9572 -27.829 0
17.393 6.9572 -27.829 0
20.872 6.9572 -27.829 0
45.222 6.9572 -27.829 0
52.179 6.9572 -27.829 1
-48.7 6.9572 -27.829 0
-45.222 6.9572 -27.829 0
-41.743 6.9572 -27.829 0
-34.786 10.436 -27.829 0
-31.307 10.436 -27.829 0
17.393 10.436 -27.829 2
20.872 10.436 -27.829 6
24.35 10.436 -27.829 0
31.307 10.436 -27.829 10
41.743 10.436 -27.829 0
45.222 10.436 -27.829 0
48.7 10.436 -27.829 9
-45.222 10.436 -27.829 2
-41.743 13.914 -27.829 0
-38.265 13.914 -27.829 0
13.914 13.914 -27.829 1
17.393 13.914 -27.829 0
24.35 13.914 -27.829 0
31.307 13.914 -27.829 0
38.265 13.914 -27.829 2
45.222 13.914 -27.829 0
48.7 13.914 -27.829 3
13.914 17.393 -27.829 0
20.872 17.393 -27.829 8
27.829 17.393 -27.829 0
34.786 17.393 -27.829 1
38.265 17.393 -27.829 3
45.222 17.393 -27.829 0
48.7 20.872 -27.829 0
24.35 20.872 -27.829 0
31.307 20.872 -27.829 1
38.265 20.872 -27.829 0
41.743 24.35 -27.829 0
45.222 24.35 -27.829 0
17.393 24.35 -27.829 0
27.829 31.307 -27.829 3
27.829 34.786 -27.829 0
27.829 38.265 -27.829 0
31.307 38.265 -27.829 0
-17.393 48.7 -31.307 0
34.786 48.7 -27.829 0
38.265 48.7 -27.829 0
-38.265 -27.829 -24.35 0
-31.307 -27.829 -24.35 0
-27.829 -27.829 -24.35 0
-24.35 -27.829 -24.35 0
-24.35 -24.35 -24.35 0
-20.872 -24.35 -24.35 0
-17.393 -24.35 -24.35 2
-38.265 -20.872 -24.35 0
-27.829 -20.872 -24.35 0
-20.872 -20.872 -24.35 0
38.265 -20.872 -24.35 0
41.743 -17.393 -24.35 0
27.829 -17.393 -24.35 0
31.307 -17.393 -24.35 0
34.786 -13.914 -24.35 0
-48.7 -13.914 -24.35 0
-20.872 -13.914 -24.35 0
20.872 -10.436 -24.35 0
27.829 -10.436 -24.35 0
45.222 -10.436 -24.35 0
-52.179 -10.436 -24.35 1
-17.393 -10.436 -24.35 0
20.872 -6.9572 -24.35 0
24.35 -6.9572 -24.35 0
31.307 -6.9572 -24.35 9
34.786 -6.9572 -24.35 3
48.7 -6.9572 -24.35 0
-52.179 -6.9572 -24.35 0
17.393 -3.4786 -24.35 0
20.872 -3.4786 -24.35 0
27.829 -3.4786 -24.35 0
41.743 -3.4786 -24.35 0
45.222 -3.4786 -24.35 0
48.7 -3.4786 -24.35 0
13.914 0 -24.35 0
45.222 0 -24.35 0
48.7 0 -24.35 0
52.179 0 -24.35 0
-59.136 0 -24.35 0
-17.393 0 -24.35 0
48.7 3.4786 -24.35 4
52.179 3.4786 -24.35 3
-59.136 3.4786 -24.35 1
-55.658 3.4786 -24.35 0
-52.179 3.4786 -24.35 1
-48.7 3.4786 -24.35 0
-41.743 3.4786 -24.35 0
-34.786 3.4786 -24.35 1
-31.307 3.4786 -24.35 0
-17.393 6.9572 -24.35 0
-55.658 6.9572 -24.35 0
-52.179 6.9572 -24.35 2
-48.7 6.9572 -24.35 0
-41.743 6.9572 -24.35 0
-34.786 6.9572 -24.35 1
-31.307 10.436 -24.35 0
10.436 10.436 -24.35 0
48.7 10.436 -24.35 0
-55.658 10.436 -24.35 0
-52.179 10.436 -24.35 0
-48.7 10.436 -24.35 0
-41.743 13.914 -24.35 0
-34.786 13.914 -24.35 0
-31.307 13.914 -24.35 0
-24.35 13.914 -24.35 0
34.786 13.914 -24.35 0
45.222 13.914 -24.35 1
48.7 13.914 -24.35 0
-55.658 13.914 -24.35 0
-48.7 17.393 -24.35 0
-45.222 17.393 -24.35 0
-41.743 17.393 -24.35 0
-38.265 17.393 -24.35 0
-34.786 17.393 -24.35 0
-31.307 17.393 -24.35 0
-27.829 17.393 -24.35 1
34.786 17.393 -24.35 0
38.265 17.393 -24.35 0
48.7 20.872 -24.35 0
52.179 20.872 -24.35 0
-38.265 20.872 -24.35 0
-34.786 20.872 -24.35 0
-31.307 20.872 -24.35 0
-27.829 20.872 -24.35 0
13.914 20.872 -24.35 0
31.307 20.872 -24.35 0
34.786 20.872 -24.35 0
38.265 20.872 -24.35 0
41.743 24.35 -24.35 0
45.222 24.35 -24.35 1
52.179 24.35 -24.35 0
-45.222 24.35 -24.35 0
-38.265 24.35 -24.35 0
-34.786 24.35 -24.35 0
-31.307 24.35 -24.35 0
13.914 24.35 -24.35 0
38.265 27.829 -24.35 1
41.743 27.829 -24.35 0
45.222 27.829 -24.35 0
-52.179 27.829 -24.35 0
-45.222 27.829 -24.35 0
17.393 27.829 -24.35 0
31.307 31.307 -24.35 0
34.786 31.307 -24.35 0
41.743 31.307 -24.35 0
48.7 31.307 -24.35 0
-55.658 31.307 -24.35 1
-52.179 31.307 -24.35 0
-48.7 31.307 -24.35 0
20.872 34.786 -24.35 0
34.786 34.786 -24.35 0
38.265 34.786 -24.35 0
45.222 34.786 -24.35 1
48.7 34.786 -24.35 0
-55.658 34.786 -24.35 0
-52.179 34.786 -24.35 0
24.35 38.265 -24.35 0
38.265 38.265 -24.35 0
41.743 38.265 -24.35 2
45.222 38.265 -24.35 0
-55.658 38.265 -24.35 0
-52.179 38.265 -24.35 0
-13.914 38.265 -24.35 1
-10.436 38.265 -24.35 3
-6.9572 38.265 -24.35 0
24.35 41.743 -24.35 0
27.829 41.743 -24.35 1
31.307 41.743 -24.35 5
45.222 41.743 -24.35 0
-20.872 41.743 -24.35 0
-6.9572 45.222 -24.35 0
0 45.222 -24.35 0
27.829 45.222 -24.35 1
34.786 45.222 -24.35 1
-6.9572 48.7 -24.35 1
6.9572 48.7 -24.35 1
10.436 48.7 -24.35 0
13.914 48.7 -24.35 0
17.393 48.7 -24.35 0
20.872 48.7 -24.35 0
38.265 48.7 -24.35 0
41.743 48.7 -24.35 0
31.307 52.179 -24.35 0
34.786 52.179 -24.35 0
38.265 52.179 -24.35 0
41.743 52.179 -24.35 0
45.222 52.179 -24.35 0
38.265 55.658 -24.35 0
45.222 55.658 -24.35 0
41.743 59.136 -24.35 0
3.4786 -38.265 -20.872 0
3.4786 -34.786 -20.872 0
6.9572 -34.786 -20.872 0
-27.829 -27.829 -20.872 0
-24.35 -27.829 -20.872 1
-45.222 -20.872 -20.872 0
-20.872 -20.872 -20.872 0
-17.393 -20.872 -20.872 0
-24.35 -17.393 -20.872 10
31.307 -17.393 -20.872 0
38.265 -13.914 -20.872 0
-20.872 -13.914 -20.872 1
27.829 -10.436 -20.872 0
31.307 -10.436 -20.872 0
-55.658 -10.436 -20.872 0
-17.393 -10.436 -20.872 0
20.872 -6.9572 -20.872 0
31.307 -6.9572 -20.872 0
34.786 -6.9572 -20.872 1
52.179 -6.9572 -20.872 5
-55.658 -6.9572 -20.872 0
13.914 -3.4786 -20.872 0
45.222 -3.4786 -20.872 0
48.7 -3.4786 -20.872 0
52.179 -3.4786 -20.872 1
-59.136 -3.4786 -20.872 0
13.914 0 -20.872 0
20.872 0 -20.872 0
48.7 0 -20.872 0
52.179 0 -20.872 0
13.914 3.4786 -20.872 1
48.7 3.4786 -20.872 0
52.179 3.4786 -20.872 0
-13.914 6.9572 -20.872 0
6.9572 6.9572 -20.872 0
13.914 6.9572 -20.872 0
45.222 6.9572 -20.872 0
55.658 6.9572 -20.872 0
-48.7 6.9572 -20.872 0
6.9572 10.436 -20.872 0
-62.615 10.436 -20.872 0
-48.7 10.436 -20.872 0
3.4786 13.914 -20.872 0
6.9572 13.914 -20.872 0
-59.136 13.914 -20.872 0
0 17.393 -20.872 0
10.436 17.393 -20.872 0
34.786 17.393 -20.872 0
52.179 20.872 -20.872 0
-62.615 17.393 -20.872 0
-24.35 20.872 -20.872 0
6.9572 20.872 -20.872 0
34.786 20.872 -20.872 0
45.222 24.35 -20.872 0
48.7 24.35 -20.872 0
52.179 24.35 -20.872 0
-62.615 24.35 -20.872 0
-27.829 24.35 -20.872 1
10.436 24.35 -20.872 0
34.786 27.829 -20.872 0
38.265 27.829 -20.872 0
45.222 27.829 -20.872 0
48.7 27.829 -20.872 1
52.179 27.829 -20.872 0
-34.786 27.829 -20.872 0
-31.307 27.829 -20.872 0
31.307 31.307 -20.872 0
55.658 31.307 -20.872 0
-45.222 31.307 -20.872 0
-41.743 31.307 -20.872 0
-38.265 31.307 -20.872 0
-31.307 31.307 -20.872 0
13.914 31.307 -20.872 0
20.872 34.786 -20.872 9
-52.179 34.786 -20.872 0
-48.7 34.786 -20.872 0
-45.222 34.786 -20.872 3
-41.743 34.786 -20.872 10
0 34.786 -20.872 0
13.914 38.265 -20.872 0
17.393 38.265 -20.872 0
20.872 38.265 -20.872 4
-59.136 38.265 -20.872 0
-55.658 38.265 -20.872 0
-52.179 38.265 -20.872 0
-48.7 38.265 -20.872 0
-45.222 38.265 -20.872 0
-41.743 38.265 -20.872 3
-13.914 38.265 -20.872 3
3.4786 41.743 -20.872 0
17.393 41.743 -20.872 0
20.872 41.743 -20.872 0
48.7 41.743 -20.872 0
-62.615 41.743 -20.872 0
-52.179 41.743 -20.872 2
-48.7 41.743 -20.872 0
-45.222 41.743 -20.872 2
-41.743 41.743 -20.872 0
-38.265 41.743 -20.872 6
-34.786 41.743 -20.872 1
-17.393 41.743 -20.872 0
6.9572 45.222 -20.872 0
45.222 45.222 -20.872 2
48.7 45.222 -20.872 0
-55.658 45.222 -20.872 0
-31.307 45.222 -20.872 0
-27.829 45.222 -20.872 0
-10.436 48.7 -20.872 0
3.4786 48.7 -20.872 0
27.829 48.7 -20.872 9
-59.136 48.7 -20.872 0
17.393 52.179 -20.872 1
20.872 52.179 -20.872 0
-17.393 55.658 -20.872 0
20.872 55.658 -20.872 6
24.35 55.658 -20.872 0
24.35 59.136 -20.872 0
27.829 59.136 -20.872 3
31.307 59.136 -20.872 10
3.4786 -52.179 -13.914 0
0 -48.7 -13.914 0
3.4786 -48.7 -13.914 1
6.9572 -45.222 -13.914 0
0 -41.743 -13.914 0
3.4786 -41.743 -13.914 0
6.9572 -41.743 -13.914 0
10.436 -41.743 -13.914 1
0 -38.265 -13.914 0
3.4786 -38.265 -13.914 0
6.9572 -38.265 -13.914 0
10.436 -38.265 -13.914 0
0 -34.786 -13.914 1
3.4786 -34.786 -13.914 0
6.9572 -34.786 -13.914 0
10.436 -34.786 -13.914 0
13.914 -34.786 -13.914 0
0 -31.307 -17.393 0
3.4786 -31.307 -13.914 0
6.9572 -31.307 -13.914 0
10.436 -31.307 -13.914 2
13.914 -31.307 -13.914 0
-41.743 -31.307 -17.393 0
-27.829 -27.829 -17.393 0
-3.4786 -27.829 -17.393 2
0 -27.829 -17.393 0
10.436 -27.829 -13.914 0
-45.222 -24.35 -17.393 0
-24.35 -24.35 -17.393 0
-3.4786 -24.35 -17.393 7
0 -24.35 -17.393 0
10.436 -24.35 -17.393 0
-31.307 -20.872 -17.393 0
-27.829 -20.872 -17.393 0
-20.872 -20.872 -17.393 0
0 -20.872 -17.393 0
3.4786 -20.872 -17.393 0
24.35 -20.872 -13.914 0
34.786 -20.872 -13.914 0
38.265 -20.872 -13.914 0
41.743 -20.872 -13.914 0
-48.7 -17.393 -17.393 4
-24.35 -17.393 -17.393 0
-6.9572 -17.393 -17.393 0
10.436 -17.393 -17.393 0
13.914 -17.393 -17.393 0
20.872 -17.393 -17.393 0
24.35 -17.393 -17.393 0
27.829 -17.393 -13.914 0
45.222 -13.914 -13.914 0
-48.7 -13.914 -17.393 0
-6.9572 -13.914 -17.393 0
10.436 -13.914 -17.393 0
13.914 -13.914 -17.393 0
17.393 -13.914 -17.393 0
34.786 -10.436 -13.914 0
38.265 -10.436 -13.914 0
52.179 -10.436 -13.914 0
-55.658 -10.436 -17.393 0
13.914 -10.436 -17.393 0
34.786 -6.9572 -17.393 0
38.265 -6.9572 -17.393 1
-59.136 -6.9572 -17.393 0
-13.914 -6.9572 -17.393 0
13.914 -3.4786 -17.393 1
34.786 -3.4786 -17.393 0
-13.914 -3.4786 -17.393 0
13.914 0 -17.393 0
-62.615 3.4786 -17.393 0
55.658 6.9572 -17.393 0
-66.093 6.9572 -17.393 1
-66.093 10.436 -17.393 4
10.436 13.914 -17.393 0
-66.093 13.914 -17.393 3
55.658 20.872 -17.393 0
-66.093 17.393 -17.393 0
-3.4786 20.872 -17.393 0
55.658 24.35 -17.393 0
-66.093 24.35 -17.393 0
-24.35 24.35 -17.393 0
45.222 27.829 -17.393 0
-66.093 27.829 -17.393 0
-24.35 27.829 -17.393 9
-6.9572 27.829 -17.393 0
6.9572 27.829 -17.393 0
-45.222 31.307 -17.393 0
-6.9572 31.307 -17.393 0
-3.4786 31.307 -17.393 0
0 31.307 -17.393 0
6.9572 31.307 -17.393 0
55.658 34.786 -17.393 0
-34.786 34.786 -17.393 0
-27.829 34.786 -17.393 5
-17.393 34.786 -17.393 0
-13.914 34.786 -17.393 0
10.436 38.265 -17.393 0
55.658 38.265 -17.393 0
-34.786 38.265 -17.393 0
-31.307 38.265 -17.393 0
-27.829 38.265 -17.393 5
-20.872 38.265 -17.393 0
-48.7 41.743 -17.393 8
-62.615 45.222 -17.393 1
-55.658 48.7 -17.393 10
-52.179 48.7 -17.393 0
-38.265 48.7 -17.393 10
48.7 52.179 -17.393 2
-34.786 55.658 -17.393 0
-10.436 55.658 -17.393 0
48.7 55.658 -17.393 0
-20.872 59.136 -17.393 0
-17.393 59.136 -17.393 0
-13.914 59.136 -17.393 0
31.307 59.136 -17.393 10
45.222 66.093 -17.393 0
0 -55.658 -10.436 0
3.4786 -55.658 -10.436 0
10.436 -55.658 -10.436 0
3.4786 -52.179 -10.436 0
6.9572 -52.179 -10.436 0
-3.4786 -48.7 -10.436 0
3.4786 -48.7 -10.436 0
6.9572 -48.7 -10.436 0
10.436 -45.222 -10.436 0
13.914 -45.222 -10.436 0
20.872 -45.222 -10.436 0
-6.9572 -45.222 -10.436 0
3.4786 -41.743 -10.436 0
6.9572 -41.743 -10.436 0
10.436 -41.743 -10.436 0
24.35 -41.743 -10.436 0
-6.9572 -38.265 -10.436 0
0 -38.265 -10.436 0
6.9572 -38.265 -10.436 0
13.914 -38.265 -10.436 0
17.393 -38.265 -10.436 8
20.872 -38.265 -10.436 0
-10.436 -34.786 -10.436 0
6.9572 -34.786 -10.436 0
20.872 -34.786 -10.436 0
-24.35 -31.307 -10.436 0
-20.872 -31.307 -10.436 1
-17.393 -31.307 -10.436 0
6.9572 -31.307 -10.436 0
24.35 -31.307 -10.436 0
-41.743 -31.307 -13.914 0
-38.265 -27.829 -10.436 0
-31.307 -27.829 -10.436 0
-27.829 -27.829 -10.436 0
-20.872 -27.829 -10.436 2
-13.914 -27.829 -10.436 0
10.436 -27.829 -10.436 0
20.872 -27.829 -10.436 8
27.829 -27.829 -10.436 0
31.307 -27.829 -10.436 0
-45.222 -24.35 -13.914 1
-34.786 -24.35 -13.914 0
-27.829 -24.35 -10.436 0
-17.393 -24.35 -10.436 0
20.872 -24.35 -10.436 6
24.35 -24.35 -10.436 0
27.829 -24.35 -10.436 0
31.307 -24.35 -10.436 0
34.786 -24.35 -10.436 2
-38.265 -20.872 -13.914 0
-34.786 -20.872 -13.914 0
-24.35 -20.872 -13.914 0
-20.872 -20.872 -10.436 0
-17.393 -20.872 -10.436 0
34.786 -20.872 -10.436 0
38.265 -20.872 -10.436 0
41.743 -20.872 -10.436 0
-38.265 -17.393 -13.914 2
-34.786 -17.393 -13.914 0
-17.393 -17.393 -10.436 0
3.4786 -17.393 -10.436 1
45.222 -13.914 -10.436 0
48.7 -13.914 -10.436 0
-48.7 -13.914 -13.914 0
-38.265 -13.914 -13.914 0
-20.872 -13.914 -13.914 1
-10.436 -13.914 -10.436 0
38.265 -10.436 -10.436 0
41.743 -10.436 -10.436 0
52.179 -10.436 -10.436 10
-55.658 -10.436 -13.914 0
-17.393 -10.436 -13.914 0
-13.914 -10.436 -13.914 0
-6.9572 -10.436 -13.914 0
38.265 -6.9572 -10.436 0
52.179 -6.9572 -10.436 2
-59.136 -6.9572 -13.914 0
27.829 -3.4786 -10.436 0
13.914 3.4786 -10.436 0
55.658 3.4786 -10.436 0
-62.615 3.4786 -13.914 0
55.658 6.9572 -10.436 1
59.136 10.436 -10.436 0
59.136 13.914 -10.436 0
-66.093 17.393 -13.914 0
-66.093 20.872 -13.914 0
-66.093 27.829 -13.914 0
6.9572 27.829 -13.914 0
-66.093 31.307 -13.914 0
-62.615 31.307 -13.914 0
-20.872 31.307 -13.914 10
-10.436 31.307 -13.914 0
-6.9572 31.307 -13.914 0
-3.4786 31.307 -13.914 0
0 31.307 -13.914 0
55.658 34.786 -13.914 0
-17.393 34.786 -13.914 0
-13.914 34.786 -13.914 0
-6.9572 34.786 -13.914 0
-3.4786 34.786 -13.914 0
3.4786 34.786 -13.914 0
-20.872 38.265 -13.914 0
-6.9572 38.265 -13.914 1
-66.093 41.743 -13.914 0
52.179 45.222 -13.914 1
52.179 48.7 -13.914 4
-62.615 48.7 -13.914 0
52.179 52.179 -13.914 0
-55.658 52.179 -13.914 7
-52.179 52.179 -13.914 0
-48.7 52.179 -13.914 0
-38.265 52.179 -13.914 0
-27.829 55.658 -13.914 0
-31.307 59.136 -13.914 1
-27.829 59.136 -13.914 3
-24.35 59.136 -13.914 0
-20.872 59.136 -13.914 0
-17.393 59.136 -13.914 0
31.307 59.136 -13.914 0
48.7 59.136 -13.914 0
38.265 62.615 -13.914 0
-3.4786 -59.136 -6.9572 0
3.4786 -59.136 -6.9572 4
6.9572 -59.136 -6.9572 0
10.436 -59.136 -6.9572 0
-10.436 -55.658 -6.9572 0
-6.9572 -55.658 -6.9572 1
-3.4786 -55.658 -6.9572 0
3.4786 -55.658 -6.9572 0
10.436 -55.658 -6.9572 0
13.914 -55.658 -6.9572 2
17.393 -55.658 -6.9572 1
-6.9572 -52.179 -6.9572 1
-3.4786 -52.179 -6.9572 0
6.9572 -52.179 -6.9572 0
24.35 -48.7 -6.9572 0
-20.872 -48.7 -6.9572 0
-17.393 -48.7 -6.9572 1
-13.914 -48.7 -6.9572 0
-10.436 -48.7 -6.9572 0
6.9572 -48.7 -6.9572 0
10.436 -45.222 -6.9572 0
24.35 -45.222 -6.9572 0
-31.307 -45.222 -6.9572 0
-24.35 -45.222 -6.9572 0
-20.872 -45.222 -6.9572 3
-13.914 -45.222 -6.9572 3
-10.436 -45.222 -6.9572 0
-6.9572 -45.222 -6.9572 0
6.9572 -41.743 -6.9572 1
24.35 -41.743 -6.9572 0
-34.786 -41.743 -6.9572 0
-31.307 -41.743 -6.9572 0
-24.35 -41.743 -6.9572 0
-20.872 -41.743 -6.9572 4
-17.393 -41.743 -6.9572 0
-10.436 -41.743 -6.9572 0
-6.9572 -38.265 -6.9572 0
6.9572 -38.265 -6.9572 0
10.436 -38.265 -6.9572 0
27.829 -38.265 -6.9572 0
34.786 -38.265 -6.9572 0
-31.307 -38.265 -6.9572 0
-20.872 -38.265 -6.9572 6
6.9572 -34.786 -6.9572 0
10.436 -34.786 -6.9572 0
24.35 -34.786 -6.9572 0
27.829 -34.786 -6.9572 0
34.786 -34.786 -6.9572 0
41.743 -34.786 -6.9572 0
45.222 -34.786 -6.9572 0
48.7 -34.786 -6.9572 0
-31.307 -34.786 -6.9572 0
6.9572 -31.307 -6.9572 0
10.436 -31.307 -6.9572 0
27.829 -31.307 -6.9572 0
31.307 -31.307 -6.9572 0
38.265 -31.307 -6.9572 0
48.7 -31.307 -6.9572 0
-34.786 -31.307 -6.9572 0
-31.307 -27.829 -6.9572 0
-27.829 -27.829 -6.9572 0
10.436 -27.829 -6.9572 0
38.265 -27.829 -6.9572 0
48.7 -27.829 -6.9572 0
-45.222 -24.35 -6.9572 0
-41.743 -24.35 -6.9572 0
-38.265 -24.35 -6.9572 0
-34.786 -24.35 -6.9572 0
-27.829 -24.35 -6.9572 0
-24.35 -24.35 -6.9572 0
-20.872 -24.35 -6.9572 0
10.436 -24.35 -6.9572 0
41.743 -24.35 -6.9572 0
48.7 -24.35 -6.9572 0
-48.7 -20.872 -6.9572 0
-38.265 -20.872 -6.9572 0
-34.786 -20.872 -6.9572 0
-24.35 -20.872 -6.9572 0
3.4786 -20.872 -6.9572 0
41.743 -20.872 -6.9572 0
-48.7 -17.393 -6.9572 0
-38.265 -17.393 -6.9572 0
45.222 -13.914 -6.9572 0
-52.179 -13.914 -6.9572 0
-38.265 -13.914 -6.9572 0
38.265 -10.436 -6.9572 0
41.743 -10.436 -6.9572 0
45.222 -10.436 -6.9572 0
48.7 -10.436 -6.9572 0
52.179 -10.436 -6.9572 0
38.265 -6.9572 -6.9572 0
41.743 -6.9572 -6.9572 0
-59.136 -6.9572 -10.436 0
45.222 -3.4786 -6.9572 0
55.658 0 -6.9572 0
-62.615 0 -10.436 2
59.136 13.914 -6.9572 0
6.9572 27.829 -10.436 0
-66.093 31.307 -10.436 0
0 31.307 -10.436 1
6.9572 31.307 -10.436 0
-13.914 34.786 -10.436 0
-10.436 34.786 -10.436 0
-6.9572 34.786 -10.436 0
-3.4786 34.786 -10.436 0
0 34.786 -10.436 0
-6.9572 38.265 -10.436 0
-3.4786 38.265 -10.436 0
-6.9572 45.222 -10.436 0
-20.872 52.179 -10.436 0
-59.136 52.179 -10.436 3
-24.35 55.658 -10.436 0
-20.872 55.658 -10.436 0
-20.872 59.136 -10.436 0
-17.393 59.136 -10.436 0
-6.9572 59.136 -10.436 0
48.7 59.136 -10.436 0
-13.914 62.615 -10.436 0
-6.9572 -62.615 -3.4786 0
0 -62.615 -3.4786 0
-13.914 -59.136 -3.4786 0
-10.436 -59.136 -3.4786 0
-3.4786 -59.136 -3.4786 0
3.4786 -59.136 -3.4786 1
6.9572 -59.136 -3.4786 0
10.436 -59.136 -3.4786 0
17.393 -59.136 -3.4786 1
20.872 -59.136 -3.4786 0
-24.35 -55.658 -3.4786 0
-20.872 -55.658 -3.4786 0
-17.393 -55.658 -3.4786 0
-13.914 -55.658 -3.4786 0
-10.436 -55.658 -3.4786 0
-3.4786 -55.658 -3.4786 0
13.914 -55.658 -3.4786 0
20.872 -55.658 -3.4786 0
-31.307 -52.179 -3.4786 0
-24.35 -52.179 -3.4786 0
-17.393 -52.179 -3.4786 0
-10.436 -52.179 -3.4786 0
13.914 -52.179 -3.4786 0
24.35 -48.7 -3.4786 0
27.829 -48.7 -3.4786 0
-34.786 -48.7 -3.4786 0
-27.829 -48.7 -3.4786 1
-17.393 -48.7 -3.4786 0
10.436 -45.222 -3.4786 0
27.829 -45.222 -3.4786 0
31.307 -45.222 -3.4786 0
27.829 -41.743 -3.4786 0
31.307 -41.743 -3.4786 0
41.743 -41.743 -3.4786 0
45.222 -41.743 -3.4786 0
-27.829 -41.743 -3.4786 0
6.9572 -38.265 -3.4786 0
10.436 -38.265 -3.4786 0
34.786 -38.265 -3.4786 0
38.265 -38.265 -3.4786 0
45.222 -38.265 -3.4786 0
6.9572 -34.786 -3.4786 0
10.436 -34.786 -3.4786 0
38.265 -34.786 -3.4786 0
52.179 -34.786 -3.4786 2
-38.265 -34.786 -3.4786 0
6.9572 -31.307 -3.4786 0
10.436 -31.307 -3.4786 1
-41.743 -31.307 -3.4786 2
3.4786 -27.829 -3.4786 1
41.743 -27.829 -3.4786 0
-45.222 -27.829 -3.4786 0
-41.743 -24.35 -3.4786 0
0 -24.35 -3.4786 0
52.179 -24.35 -3.4786 0
-48.7 -20.872 -3.4786 0
-38.265 -20.872 -3.4786 0
3.4786 -20.872 -3.4786 0
48.7 -10.436 -3.4786 0
52.179 -10.436 -3.4786 0
41.743 -6.9572 -3.4786 0
48.7 -6.9572 -3.4786 0
52.179 -6.9572 -3.4786 0
45.222 -3.4786 -3.4786 0
48.7 -3.4786 -3.4786 0
-59.136 -3.4786 -3.4786 0
55.658 0 -3.4786 3
-59.136 0 -3.4786 0
-62.615 3.4786 -3.4786 0
52.179 17.393 -3.4786 0
55.658 20.872 -3.4786 0
52.179 24.35 -3.4786 0
55.658 24.35 -3.4786 0
-17.393 27.829 -3.4786 0
-10.436 27.829 -3.4786 0
-13.914 31.307 -3.4786 0
-10.436 31.307 -3.4786 0
3.4786 31.307 -3.4786 0
-66.093 34.786 -6.9572 0
-10.436 34.786 -3.4786 0
-6.9572 34.786 -3.4786 0
-10.436 38.265 -3.4786 0
-17.393 41.743 -6.9572 0
-10.436 41.743 -6.9572 0
-20.872 45.222 -6.9572 0
-13.914 48.7 -6.9572 0
-10.436 48.7 -6.9572 0
-6.9572 48.7 -6.9572 0
-20.872 52.179 -6.9572 0
-17.393 52.179 -6.9572 0
-3.4786 52.179 -6.9572 0
52.179 52.179 -3.4786 0
-59.136 52.179 -6.9572 9
-20.872 55.658 -6.9572 0
-17.393 55.658 -6.9572 0
-13.914 55.658 -6.9572 0
-10.436 55.658 -6.9572 0
52.179 55.658 -3.4786 0
-31.307 59.136 -6.9572 3
-13.914 62.615 -6.9572 0
41.743 69.572 -3.4786 0
-17.393 -62.615 0 0
-13.914 -62.615 0 0
6.9572 -62.615 0 0
-24.35 -59.136 0 0
-20.872 -59.136 0 0
17.393 -59.136 0 2
24.35 -59.136 0 0
-27.829 -55.658 0 0
31.307 -52.179 0 0
-34.786 -52.179 0 0
34.786 -48.7 0 0
41.743 -48.7 0 2
-38.265 -48.7 0 0
10.436 -48.7 0 0
45.222 -45.222 0 0
-38.265 -45.222 0 0
-41.743 -41.743 0 0
6.9572 -38.265 0 0
6.9572 -34.786 0 0
-45.222 -34.786 0 0
6.9572 -31.307 0 0
55.658 -31.307 0 0
-45.222 -31.307 0 0
6.9572 -27.829 0 0
10.436 -27.829 0 0
-45.222 -27.829 0 0
10.436 -24.35 0 0
55.658 -24.35 0 2
-52.179 -24.35 0 0
-48.7 -20.872 0 0
-45.222 -20.872 0 0
-52.179 -17.393 0 0
48.7 -13.914 0 0
48.7 -10.436 0 0
52.179 -10.436 0 0
48.7 -6.9572 0 0
52.179 -6.9572 0 0
-59.136 -6.9572 0 0
55.658 -3.4786 0 0
55.658 0 0 0
-62.615 6.9572 0 4
55.658 24.35 0 0
-10.436 27.829 0 0
0 27.829 0 0
-13.914 31.307 0 0
-10.436 31.307 0 0
-6.9572 31.307 0 0
-3.4786 31.307 0 0
-13.914 34.786 0 0
-10.436 34.786 0 0
0 34.786 0 0
-69.572 38.265 -3.4786 1
-6.9572 38.265 0 0
0 38.265 0 0
-10.436 41.743 0 0
-6.9572 45.222 0 0
-66.093 45.222 -3.4786 10
-13.914 48.7 0 1
-10.436 48.7 0 0
-6.9572 48.7 0 0
-3.4786 48.7 0 0
13.914 48.7 0 8
17.393 48.7 0 2
48.7 48.7 0 0
52.179 48.7 0 0
13.914 52.179 0 0
52.179 52.179 0 0
-62.615 52.179 -3.4786 0
-17.393 55.658 0 0
-10.436 55.658 0 0
52.179 55.658 0 0
-59.136 55.658 -3.4786 0
-55.658 55.658 -3.4786 1
-52.179 55.658 -3.4786 9
-17.393 59.136 0 0
-20.872 62.615 0 2
-13.914 62.615 0 0
48.7 66.093 0 0
41.743 69.572 0 0
-20.872 -62.615 3.4786 0
-17.393 -62.615 3.4786 0
-13.914 -62.615 3.4786 0
3.4786 -62.615 3.4786 0
10.436 -62.615 6.9572 4
-27.829 -59.136 3.4786 0
-13.914 -59.136 3.4786 0
13.914 -59.136 6.9572 1
24.35 -59.136 6.9572 1
27.829 -59.136 6.9572 0
-31.307 -55.658 3.4786 2
-13.914 -55.658 3.4786 0
13.914 -55.658 3.4786 0
38.265 -52.179 6.9572 0
-13.914 -52.179 3.4786 0
13.914 -52.179 3.4786 0
45.222 -48.7 6.9572 0
-38.265 -48.7 3.4786 1
10.436 -48.7 3.4786 0
-41.743 -45.222 3.4786 5
10.436 -41.743 3.4786 0
48.7 -41.743 6.9572 0
-41.743 -41.743 3.4786 0
6.9572 -38.265 3.4786 0
52.179 -38.265 6.9572 0
-41.743 -38.265 3.4786 0
-41.743 -34.786 3.4786 0
55.658 -31.307 6.9572 1
-45.222 -31.307 3.4786 0
-48.7 -27.829 3.4786 0
-52.179 -24.35 3.4786 0
55.658 -17.393 3.4786 0
-52.179 -17.393 3.4786 0
48.7 -13.914 3.4786 0
55.658 -13.914 3.4786 0
52.179 -10.436 3.4786 0
52.179 -6.9572 3.4786 0
-59.136 -6.9572 3.4786 0
55.658 -3.4786 3.4786 0
55.658 0 3.4786 0
55.658 27.829 3.4786 0
-13.914 27.829 3.4786 0
-6.9572 27.829 3.4786 0
0 27.829 3.4786 0
55.658 31.307 3.4786 0
-13.914 31.307 3.4786 0
-3.4786 31.307 3.4786 0
55.658 34.786 3.4786 1
-6.9572 34.786 3.4786 0
-3.4786 34.786 3.4786 0
0 34.786 3.4786 0
55.658 38.265 3.4786 1
-6.9572 38.265 3.4786 0
-3.4786 38.265 3.4786 0
0 38.265 3.4786 0
-66.093 45.222 3.4786 1
-13.914 48.7 3.4786 2
48.7 48.7 3.4786 0
52.179 48.7 3.4786 0
-10.436 52.179 3.4786 0
-6.9572 52.179 3.4786 0
-3.4786 52.179 3.4786 0
20.872 52.179 3.4786 0
-62.615 52.179 3.4786 0
13.914 55.658 3.4786 0
-52.179 55.658 3.4786 0
-13.914 59.136 3.4786 1
-10.436 59.136 3.4786 0
-6.9572 59.136 3.4786 0
48.7 66.093 3.4786 0
41.743 69.572 3.4786 0
-6.9572 -66.093 10.436 0
-3.4786 -66.093 10.436 0
0 -66.093 10.436 0
-24.35 -62.615 10.436 0
-20.872 -62.615 10.436 0
-17.393 -62.615 10.436 0
-13.914 -62.615 10.436 0
-3.4786 -62.615 10.436 0
0 -62.615 10.436 0
10.436 -62.615 10.436 0
-27.829 -59.136 10.436 5
-13.914 -59.136 10.436 0
13.914 -59.136 10.436 0
31.307 -59.136 10.436 0
-31.307 -55.658 6.9572 1
-13.914 -55.658 10.436 0
-10.436 -55.658 10.436 0
13.914 -55.658 10.436 0
34.786 -52.179 10.436 0
38.265 -52.179 10.436 0
-34.786 -52.179 6.9572 0
-13.914 -52.179 10.436 6
13.914 -52.179 10.436 0
34.786 -48.7 10.436 0
38.265 -48.7 10.436 1
41.743 -48.7 10.436 2
48.7 -48.7 10.436 0
-38.265 -48.7 6.9572 0
10.436 -48.7 10.436 0
6.9572 -41.743 10.436 0
10.436 -41.743 10.436 0
-41.743 -41.743 6.9572 0
6.9572 -38.265 10.436 0
-41.743 -38.265 6.9572 0
-38.265 -38.265 6.9572 2
-48.7 -34.786 6.9572 2
-48.7 -31.307 6.9572 0
55.658 -17.393 10.436 0
-59.136 -10.436 6.9572 0
52.179 -6.9572 10.436 0
-59.136 -6.9572 6.9572 0
55.658 -3.4786 10.436 0
59.136 6.9572 6.9572 0
55.658 10.436 6.9572 0
59.136 10.436 6.9572 0
-66.093 10.436 6.9572 0
-66.093 13.914 6.9572 0
-66.093 27.829 6.9572 0
-13.914 27.829 6.9572 0
-10.436 27.829 6.9572 0
-3.4786 27.829 6.9572 0
0 27.829 6.9572 0
52.179 31.307 6.9572 0
-6.9572 31.307 6.9572 0
-69.572 38.265 6.9572 0
55.658 41.743 6.9572 0
55.658 45.222 6.9572 2
-62.615 45.222 6.9572 0
-10.436 48.7 6.9572 0
13.914 48.7 6.9572 0
-10.436 52.179 6.9572 0
-6.9572 52.179 6.9572 0
13.914 52.179 6.9572 0
-62.615 52.179 6.9572 0
-13.914 55.658 6.9572 0
-6.9572 55.658 6.9572 0
-59.136 55.658 6.9572 0
-13.914 59.136 6.9572 0
27.829 59.136 6.9572 4
48.7 59.136 6.9572 9
-10.436 62.615 6.9572 0
-3.4786 62.615 6.9572 7
-6.9572 -66.093 13.914 2
-3.4786 -66.093 13.914 0
0 -66.093 13.914 0
-20.872 -62.615 13.914 0
-17.393 -62.615 13.914 0
-13.914 -62.615 13.914 0
0 -62.615 13.914 0
3.4786 -62.615 13.914 0
6.9572 -62.615 13.914 0
10.436 -62.615 13.914 0
20.872 -62.615 13.914 1
24.35 -62.615 13.914 0
-27.829 -59.136 13.914 0
-24.35 -59.136 13.914 0
-17.393 -59.136 13.914 0
-13.914 -59.136 13.914 0
17.393 -59.136 13.914 0
27.829 -59.136 13.914 1
31.307 -59.136 13.914 0
-27.829 -55.658 13.914 0
-24.35 -55.658 13.914 0
-13.914 -55.658 13.914 0
13.914 -55.658 13.914 0
34.786 -52.179 13.914 0
38.265 -52.179 13.914 0
-34.786 -52.179 13.914 0
13.914 -52.179 13.914 0
31.307 -48.7 13.914 1
34.786 -48.7 13.914 0
38.265 -48.7 13.914 2
41.743 -48.7 13.914 0
48.7 -48.7 13.914 0
-38.265 -48.7 13.914 0
17.393 -48.7 13.914 0
-41.743 -45.222 13.914 2
10.436 -41.743 13.914 0
48.7 -41.743 13.914 0
6.9572 -38.265 13.914 0
52.179 -38.265 13.914 0
52.179 -34.786 13.914 0
55.658 -31.307 13.914 6
55.658 -27.829 13.914 2
59.136 -17.393 13.914 0
-55.658 -20.872 10.436 0
59.136 -13.914 13.914 0
-55.658 -13.914 10.436 0
-59.136 -10.436 10.436 0
-59.136 -6.9572 10.436 0
52.179 -3.4786 13.914 0
55.658 -3.4786 13.914 0
59.136 10.436 13.914 0
59.136 13.914 13.914 0
-66.093 13.914 10.436 3
59.136 17.393 13.914 0
-66.093 17.393 10.436 2
-66.093 20.872 10.436 0
-6.9572 24.35 10.436 0
-66.093 27.829 10.436 6
-3.4786 27.829 10.436 0
-66.093 31.307 10.436 0
-66.093 34.786 10.436 0
-10.436 48.7 10.436 0
-10.436 52.179 10.436 0
-62.615 52.179 10.436 0
-41.743 52.179 10.436 9
-13.914 55.658 10.436 0
-6.9572 55.658 10.436 0
48.7 55.658 10.436 0
-59.136 55.658 10.436 0
-13.914 59.136 10.436 0
6.9572 59.136 10.436 0
-10.436 62.615 10.436 0
45.222 62.615 10.436 2
-6.9572 -66.093 17.393 0
-3.4786 -66.093 17.393 0
0 -66.093 17.393 0
-20.872 -62.615 17.393 0
-17.393 -62.615 17.393 0
-13.914 -62.615 17.393 0
0 -62.615 17.393 0
10.436 -62.615 17.393 0
20.872 -62.615 17.393 10
24.35 -62.615 17.393 2
-24.35 -59.136 17.393 0
-17.393 -59.136 17.393 0
17.393 -59.136 17.393 1
27.829 -59.136 17.393 0
31.307 -59.136 17.393 0
-17.393 -55.658 17.393 0
13.914 -55.658 17.393 0
34.786 -55.658 17.393 0
13.914 -52.179 17.393 0
34.786 -48.7 17.393 0
38.265 -48.7 17.393 0
41.743 -48.7 17.393 0
-38.265 -48.7 17.393 0
13.914 -48.7 17.393 0
45.222 -45.222 17.393 0
-38.265 -45.222 17.393 0
-41.743 -41.743 17.393 0
6.9572 -38.265 17.393 0
-45.222 -38.265 17.393 0
52.179 -34.786 17.393 0
-48.7 -34.786 17.393 0
59.136 -17.393 17.393 0
-55.658 -20.872 17.393 1
-55.658 -13.914 13.914 0
59.136 -10.436 17.393 3
-59.136 -10.436 13.914 0
55.658 -3.4786 17.393 0
59.136 13.914 17.393 0
59.136 17.393 17.393 0
-66.093 17.393 13.914 0
55.658 24.35 17.393 0
-66.093 20.872 13.914 0
-3.4786 24.35 13.914 0
55.658 27.829 17.393 0
-3.4786 27.829 13.914 0
55.658 38.265 17.393 0
-66.093 41.743 13.914 0
-10.436 52.179 13.914 0
-6.9572 52.179 13.914 0
-6.9572 55.658 13.914 0
48.7 55.658 13.914 0
-13.914 62.615 13.914 0
-20.872 -62.615 20.872 0
-17.393 -62.615 20.872 0
-13.914 -62.615 20.872 0
0 -62.615 20.872 0
3.4786 -62.615 20.872 4
6.9572 -62.615 20.872 0
10.436 -62.615 20.872 0
-24.35 -59.136 20.872 0
17.393 -59.136 20.872 0
20.872 -59.136 20.872 0
24.35 -59.136 20.872 0
27.829 -59.136 20.872 5
31.307 -59.136 20.872 1
13.914 -55.658 20.872 0
34.786 -55.658 20.872 0
-34.786 -52.179 20.872 0
13.914 -52.179 20.872 0
38.265 -48.7 20.872 0
-34.786 -48.7 20.872 0
13.914 -48.7 20.872 0
38.265 -45.222 20.872 0
41.743 -45.222 20.872 0
-38.265 -45.222 20.872 0
34.786 -41.743 20.872 0
-41.743 -41.743 20.872 0
6.9572 -38.265 20.872 1
6.9572 -34.786 20.872 0
45.222 -34.786 20.872 0
10.436 -31.307 20.872 0
52.179 -31.307 20.872 0
55.658 -27.829 20.872 0
-52.179 -24.35 20.872 0
59.136 -13.914 20.872 0
-55.658 -13.914 20.872 3
59.136 -10.436 20.872 0
-59.136 -10.436 20.872 1
-59.136 -6.9572 20.872 0
55.658 -3.4786 20.872 0
-62.615 10.436 17.393 0
-6.9572 13.914 20.872 5
59.136 13.914 20.872 0
-66.093 13.914 17.393 10
59.136 17.393 20.872 0
-66.093 17.393 17.393 0
55.658 24.35 20.872 0
-3.4786 24.35 20.872 0
55.658 27.829 20.872 0
55.658 38.265 20.872 1
-62.615 41.743 17.393 1
-62.615 48.7 17.393 1
-6.9572 52.179 17.393 0
-6.9572 55.658 17.393 0
48.7 55.658 20.872 0
-27.829 59.136 17.393 0
-13.914 59.136 17.393 3
-55.658 59.136 17.393 0
-24.35 62.615 17.393 0
-13.914 62.615 17.393 0
-17.393 -62.615 24.35 0
-13.914 -62.615 24.35 0
-6.9572 -62.615 24.35 0
-3.4786 -62.615 24.35 0
3.4786 -62.615 24.35 0
6.9572 -62.615 24.35 0
10.436 -62.615 24.35 0
-24.35 -59.136 24.35 0
-13.914 -59.136 24.35 0
17.393 -59.136 24.35 0
20.872 -59.136 24.35 0
24.35 -59.136 24.35 0
-13.914 -55.658 24.35 0
10.436 -55.658 24.35 0
13.914 -55.658 24.35 0
17.393 -55.658 24.35 3
20.872 -55.658 24.35 0
24.35 -55.658 24.35 0
27.829 -55.658 24.35 0
31.307 -55.658 24.35 0
34.786 -55.658 24.35 0
-34.786 -52.179 24.35 0
-13.914 -52.179 24.35 0
3.4786 -52.179 24.35 3
13.914 -52.179 24.35 0
34.786 -48.7 24.35 0
38.265 -48.7 24.35 0
38.265 -45.222 24.35 0
41.743 -45.222 24.35 0
-38.265 -45.222 24.35 0
10.436 -41.743 24.35 0
17.393 -41.743 24.35 0
34.786 -41.743 24.35 0
45.222 -41.743 24.35 0
6.9572 -38.265 24.35 4
34.786 -38.265 24.35 1
48.7 -34.786 24.35 1
-45.222 -34.786 24.35 0
6.9572 -31.307 24.35 0
52.179 -31.307 24.35 0
55.658 -24.35 24.35 0
-48.7 -24.35 24.35 0
3.4786 -20.872 24.35 0
55.658 -20.872 24.35 0
55.658 -13.914 24.35 9
-55.658 -13.914 24.35 0
-59.136 -10.436 24.35 0
-59.136 -6.9572 24.35 0
52.179 -3.4786 24.35 4
55.658 -3.4786 24.35 0
48.7 0 24.35 0
52.179 0 24.35 0
55.658 0 24.35 0
48.7 3.4786 24.35 0
55.658 3.4786 24.35 0
55.658 10.436 24.35 0
59.136 13.914 24.35 0
-66.093 13.914 24.35 4
55.658 24.35 24.35 0
55.658 27.829 24.35 0
52.179 41.743 24.35 0
-62.615 41.743 20.872 0
-62.615 48.7 20.872 10
48.7 52.179 24.35 3
-10.436 55.658 24.35 10
34.786 55.658 24.35 0
48.7 55.658 24.35 0
-13.914 59.136 24.35 0
38.265 59.136 24.35 0
-55.658 59.136 20.872 0
-45.222 62.615 20.872 1
-34.786 62.615 20.872 8
-24.35 62.615 20.872 0
-13.914 62.615 24.35 1
-52.179 66.093 20.872 0
-48.7 66.093 20.872 0
-13.914 66.093 20.872 1
-6.9572 -62.615 27.829 0
-3.4786 -62.615 27.829 0
3.4786 -62.615 27.829 0
-20.872 -59.136 27.829 0
-17.393 -59.136 27.829 0
-13.914 -59.136 27.829 1
-6.9572 -59.136 27.829 0
3.4786 -59.136 27.829 0
6.9572 -59.136 27.829 0
10.436 -59.136 27.829 0
17.393 -59.136 27.829 0
20.872 -59.136 31.307 0
-27.829 -55.658 27.829 6
-17.393 -55.658 27.829 0
-6.9572 -55.658 27.829 0
6.9572 -55.658 27.829 0
13.914 -55.658 27.829 0
17.393 -55.658 27.829 0
20.872 -55.658 27.829 0
24.35 -55.658 31.307 1
27.829 -55.658 31.307 0
-20.872 -52.179 27.829 0
-13.914 -52.179 27.829 0
10.436 -52.179 27.829 0
13.914 -52.179 27.829 0
31.307 -48.7 31.307 0
34.786 -48.7 31.307 0
13.914 -48.7 27.829 0
27.829 -45.222 27.829 0
38.265 -45.222 31.307 0
-38.265 -45.222 27.829 0
6.9572 -45.222 27.829 0
34.786 -41.743 27.829 0
41.743 -41.743 27.829 0
6.9572 -38.265 27.829 0
34.786 -38.265 27.829 0
-41.743 -38.265 27.829 0
31.307 -34.786 27.829 0
34.786 -34.786 27.829 0
-45.222 -34.786 27.829 1
6.9572 -31.307 27.829 1
31.307 -31.307 27.829 0
34.786 -31.307 27.829 0
6.9572 -27.829 27.829 0
52.179 -27.829 27.829 0
6.9572 -24.35 27.829 0
0 -20.872 27.829 0
3.4786 -20.872 27.829 0
3.4786 -17.393 27.829 0
55.658 -13.914 27.829 0
3.4786 -13.914 27.829 0
55.658 -10.436 27.829 0
-59.136 -10.436 27.829 3
3.4786 -10.436 27.829 0
52.179 -3.4786 27.829 0
52.179 0 27.829 0
55.658 6.9572 27.829 0
55.658 10.436 27.829 0
-66.093 13.914 27.829 0
-62.615 34.786 27.829 0
52.179 38.265 27.829 0
-62.615 38.265 27.829 0
-62.615 41.743 27.829 1
-6.9572 52.179 27.829 0
48.7 52.179 27.829 1
-10.436 55.658 27.829 0
48.7 55.658 27.829 0
-13.914 59.136 27.829 0
41.743 59.136 27.829 1
-55.658 59.136 27.829 0
-34.786 62.615 27.829 0
-31.307 62.615 27.829 0
-24.35 62.615 27.829 0
-13.914 62.615 27.829 0
-52.179 66.093 27.829 0
-13.914 66.093 27.829 2
-48.7 69.572 27.829 0
-13.914 -59.136 34.786 0
-10.436 -59.136 34.786 0
0 -59.136 34.786 0
-20.872 -55.658 34.786 0
-17.393 -55.658 34.786 0
-6.9572 -55.658 34.786 0
10.436 -55.658 34.786 0
17.393 -55.658 34.786 0
20.872 -55.658 34.786 0
-24.35 -52.179 31.307 0
-6.9572 -52.179 34.786 0
17.393 -52.179 34.786 0
24.35 -52.179 34.786 0
-34.786 -48.7 31.307 0
3.4786 -48.7 34.786 1
6.9572 -48.7 34.786 0
13.914 -48.7 34.786 1
27.829 -45.222 34.786 0
31.307 -45.222 34.786 0
34.786 -45.222 34.786 0
-34.786 -45.222 31.307 0
-13.914 -45.222 31.307 0
-38.265 -41.743 31.307 0
-13.914 -41.743 31.307 0
6.9572 -38.265 34.786 6
10.436 -38.265 34.786 3
34.786 -38.265 34.786 0
-38.265 -38.265 31.307 0
6.9572 -34.786 31.307 0
34.786 -34.786 34.786 2
45.222 -34.786 34.786 0
-41.743 -34.786 31.307 1
6.9572 -31.307 31.307 0
31.307 -31.307 34.786 0
34.786 -31.307 34.786 0
6.9572 -27.829 31.307 0
31.307 -27.829 34.786 0
48.7 -27.829 34.786 7
6.9572 -24.35 31.307 0
52.179 -24.35 34.786 0
52.179 -20.872 34.786 0
3.4786 -17.393 31.307 0
52.179 -6.9572 31.307 0
52.179 -3.4786 31.307 0
-59.136 -3.4786 31.307 7
0 -3.4786 31.307 8
3.4786 -3.4786 31.307 0
52.179 0 31.307 0
-59.136 0 31.307 0
0 0 31.307 0
52.179 3.4786 31.307 9
-59.136 3.4786 31.307 3
55.658 13.914 31.307 0
55.658 17.393 31.307 1
52.179 20.872 31.307 0
52.179 27.829 31.307 0
-62.615 34.786 31.307 0
52.179 38.265 31.307 0
-62.615 38.265 31.307 1
-6.9572 38.265 31.307 0
-62.615 41.743 31.307 0
41.743 48.7 31.307 0
45.222 48.7 31.307 0
48.7 48.7 31.307 2
-6.9572 52.179 31.307 1
0 52.179 31.307 0
27.829 52.179 31.307 0
-10.436 55.658 31.307 0
17.393 55.658 31.307 0
-13.914 59.136 31.307 0
-34.786 62.615 31.307 0
-31.307 62.615 31.307 2
-13.914 62.615 31.307 0
-48.7 66.093 31.307 0
-20.872 66.093 31.307 0
-17.393 -55.658 38.265 0
-13.914 -55.658 38.265 0
-10.436 -55.658 38.265 0
-3.4786 -55.658 38.265 0
3.4786 -55.658 38.265 0
10.436 -55.658 38.265 0
-20.872 -52.179 38.265 0
-17.393 -52.179 38.265 0
-13.914 -52.179 38.265 0
-10.436 -52.179 38.265 0
10.436 -52.179 38.265 0
17.393 -52.179 38.265 0
20.872 -52.179 38.265 0
24.35 -52.179 38.265 0
-27.829 -48.7 38.265 0
-13.914 -48.7 38.265 0
3.4786 -48.7 38.265 0
10.436 -48.7 38.265 0
13.914 -48.7 38.265 0
24.35 -48.7 38.265 0
-31.307 -45.222 38.265 0
-13.914 -45.222 38.265 0
6.9572 -45.222 38.265 1
20.872 -41.743 38.265 0
27.829 -41.743 38.265 0
31.307 -41.743 38.265 0
-34.786 -41.743 38.265 0
6.9572 -38.265 38.265 0
20.872 -38.265 38.265 0
31.307 -38.265 38.265 0
34.786 -38.265 38.265 0
-38.265 -38.265 34.786 0
6.9572 -34.786 38.265 0
34.786 -34.786 38.265 0
38.265 -34.786 38.265 0
6.9572 -31.307 38.265 0
34.786 -31.307 38.265 0
41.743 -31.307 38.265 1
45.222 -31.307 38.265 0
45.222 -27.829 38.265 0
6.9572 -24.35 38.265 0
-48.7 -24.35 34.786 1
45.222 -20.872 38.265 0
48.7 -20.872 38.265 0
3.4786 -17.393 38.265 0
6.9572 -17.393 38.265 0
-48.7 -13.914 34.786 0
3.4786 -13.914 38.265 0
48.7 -10.436 38.265 0
-52.179 -10.436 34.786 3
-55.658 -6.9572 34.786 0
-55.658 0 34.786 0
0 0 34.786 0
3.4786 0 34.786 0
52.179 3.4786 38.265 3
-59.136 3.4786 34.786 0
-3.4786 6.9572 34.786 0
52.179 6.9572 38.265 2
-59.136 6.9572 34.786 0
-3.4786 10.436 34.786 0
-3.4786 13.914 34.786 0
0 13.914 34.786 0
52.179 13.914 38.265 0
52.179 31.307 34.786 0
-62.615 31.307 34.786 0
-6.9572 38.265 34.786 1
52.179 41.743 34.786 0
-6.9572 41.743 34.786 10
52.179 45.222 34.786 8
-6.9572 45.222 34.786 2
-55.658 48.7 34.786 0
-6.9572 52.179 34.786 3
-59.136 52.179 34.786 0
-10.436 55.658 34.786 0
17.393 55.658 34.786 0
-55.658 55.658 34.786 0
-13.914 59.136 34.786 0
-52.179 59.136 34.786 0
-31.307 62.615 34.786 2
-13.914 62.615 34.786 0
-27.829 66.093 34.786 10
-24.35 66.093 34.786 6
6.9572 -55.658 41.743 0
10.436 -55.658 41.743 0
-17.393 -52.179 41.743 0
-13.914 -52.179 41.743 0
-10.436 -52.179 41.743 0
-6.9572 -52.179 41.743 0
-3.4786 -52.179 41.743 0
10.436 -52.179 41.743 0
-24.35 -48.7 41.743 0
-20.872 -48.7 41.743 0
-17.393 -48.7 41.743 0
10.436 -48.7 41.743 2
20.872 -48.7 41.743 0
24.35 -41.743 41.743 0
-31.307 -41.743 41.743 0
-17.393 -41.743 41.743 0
6.9572 -41.743 41.743 1
20.872 -38.265 41.743 0
31.307 -38.265 41.743 0
-34.786 -38.265 41.743 0
-31.307 -38.265 41.743 0
6.9572 -34.786 41.743 4
17.393 -34.786 41.743 0
34.786 -34.786 41.743 1
6.9572 -31.307 41.743 0
24.35 -31.307 41.743 0
38.265 -31.307 41.743 0
-38.265 -31.307 41.743 0
6.9572 -27.829 41.743 1
24.35 -27.829 41.743 0
41.743 -27.829 41.743 0
-45.222 -27.829 41.743 0
6.9572 -24.35 41.743 2
24.35 -24.35 41.743 0
0 -20.872 41.743 0
6.9572 -20.872 41.743 0
27.829 -20.872 41.743 0
45.222 -20.872 41.743 0
3.4786 -17.393 41.743 0
27.829 -17.393 41.743 0
41.743 -17.393 41.743 9
-45.222 -13.914 38.265 0
3.4786 -13.914 41.743 0
31.307 -13.914 41.743 0
-41.743 -10.436 38.265 4
3.4786 -10.436 41.743 0
34.786 -6.9572 41.743 0
48.7 -6.9572 41.743 0
-55.658 0 38.265 0
41.743 3.4786 41.743 0
45.222 3.4786 41.743 0
48.7 3.4786 41.743 0
-3.4786 6.9572 41.743 0
48.7 6.9572 41.743 0
-41.743 6.9572 38.265 2
-3.4786 10.436 41.743 0
-3.4786 13.914 38.265 0
52.179 13.914 41.743 0
48.7 17.393 41.743 5
-62.615 17.393 38.265 2
-48.7 17.393 38.265 0
-3.4786 20.872 38.265 0
48.7 20.872 41.743 0
-62.615 20.872 38.265 0
-6.9572 24.35 38.265 0
38.265 24.35 41.743 0
48.7 24.35 41.743 0
-62.615 24.35 38.265 1
-45.222 27.829 38.265 0
-62.615 31.307 38.265 6
-34.786 31.307 38.265 0
-41.743 34.786 38.265 0
48.7 38.265 41.743 1
48.7 41.743 41.743 0
-59.136 41.743 38.265 0
-52.179 41.743 38.265 0
-48.7 41.743 38.265 0
-6.9572 41.743 38.265 0
34.786 45.222 38.265 0
38.265 45.222 38.265 0
31.307 48.7 38.265 0
-55.658 48.7 38.265 0
-6.9572 52.179 38.265 0
-3.4786 52.179 38.265 0
27.829 52.179 38.265 0
-10.436 55.658 38.265 0
-31.307 55.658 38.265 0
-13.914 59.136 38.265 0
-48.7 59.136 38.265 0
-41.743 59.136 38.265 0
-31.307 62.615 38.265 3
-20.872 62.615 38.265 0
-13.914 62.615 38.265 0
-20.872 66.093 38.265 0
-17.393 66.093 38.265 0
-27.829 69.572 38.265 2
-6.9572 -52.179 45.222 0
-3.4786 -52.179 45.222 0
0 -52.179 45.222 0
6.9572 -52.179 45.222 6
10.436 -52.179 45.222 2
-13.914 -48.7 45.222 0
-10.436 -48.7 45.222 0
-6.9572 -48.7 45.222 0
3.4786 -48.7 45.222 1
17.393 -48.7 45.222 0
-20.872 -45.222 45.222 0
-17.393 -45.222 45.222 0
-6.9572 -45.222 45.222 0
6.9572 -45.222 45.222 0
-27.829 -41.743 45.222 0
-24.35 -41.743 45.222 0
6.9572 -41.743 45.222 0
24.35 -38.265 45.222 0
27.829 -38.265 45.222 1
-27.829 -38.265 45.222 0
-6.9572 -38.265 45.222 0
17.393 -34.786 45.222 0
24.35 -34.786 45.222 0
27.829 -34.786 45.222 0
31.307 -34.786 45.222 0
-31.307 -34.786 45.222 0
-6.9572 -31.307 45.222 1
24.35 -31.307 45.222 0
31.307 -31.307 45.222 0
34.786 -31.307 45.222 0
-34.786 -31.307 45.222 0
-13.914 -27.829 45.222 0
6.9572 -27.829 45.222 0
27.829 -27.829 45.222 0
38.265 -27.829 45.222 0
-38.265 -27.829 45.222 0
-34.786 -27.829 45.222 0
6.9572 -24.35 45.222 0
10.436 -24.35 45.222 0
27.829 -24.35 45.222 0
0 -20.872 45.222 0
34.786 -20.872 45.222 0
38.265 -20.872 45.222 0
3.4786 -17.393 45.222 0
27.829 -17.393 45.222 0
31.307 -17.393 45.222 0
-45.222 -13.914 45.222 0
3.4786 -13.914 45.222 0
31.307 -13.914 45.222 0
34.786 -13.914 45.222 0
-48.7 -10.436 45.222 0
3.4786 -10.436 45.222 0
34.786 -10.436 45.222 0
38.265 -6.9572 45.222 0
41.743 -6.9572 45.222 0
45.222 -6.9572 45.222 0
3.4786 -6.9572 45.222 0
-3.4786 -3.4786 45.222 0
0 -3.4786 45.222 0
3.4786 -3.4786 45.222 0
48.7 0 45.222 0
0 0 45.222 0
41.743 3.4786 45.222 6
45.222 3.4786 45.222 0
-55.658 3.4786 45.222 0
-48.7 3.4786 45.222 0
0 3.4786 45.222 0
-41.743 6.9572 45.222 0
38.265 10.436 45.222 0
48.7 10.436 45.222 0
-55.658 10.436 41.743 0
-52.179 10.436 41.743 0
-3.4786 13.914 45.222 0
-3.4786 17.393 45.222 0
-52.179 17.393 41.743 0
-6.9572 20.872 45.222 0
-62.615 20.872 41.743 0
38.265 24.35 45.222 0
-62.615 24.35 41.743 3
-59.136 24.35 41.743 2
-52.179 27.829 41.743 0
-45.222 27.829 41.743 0
-41.743 27.829 41.743 0
38.265 27.829 45.222 0
48.7 31.307 45.222 0
-38.265 31.307 41.743 0
-34.786 31.307 41.743 0
38.265 34.786 45.222 0
48.7 34.786 45.222 0
-38.265 34.786 41.743 2
48.7 38.265 45.222 1
-55.658 38.265 41.743 0
-45.222 38.265 41.743 0
-6.9572 38.265 41.743 0
48.7 41.743 45.222 0
-52.179 41.743 41.743 0
-38.265 41.743 41.743 0
-6.9572 41.743 41.743 0
3.4786 41.743 45.222 0
34.786 45.222 45.222 0
38.265 45.222 45.222 0
0 48.7 41.743 0
27.829 48.7 45.222 2
34.786 48.7 45.222 1
-31.307 52.179 41.743 0
-10.436 55.658 41.743 0
-52.179 55.658 41.743 0
-31.307 55.658 41.743 0
-13.914 59.136 41.743 0
-48.7 59.136 41.743 0
-38.265 59.136 41.743 0
-31.307 62.615 41.743 0
-24.35 62.615 41.743 0
-31.307 66.093 41.743 5
-24.35 66.093 41.743 0
-20.872 66.093 41.743 0
-17.393 66.093 41.743 0
-27.829 69.572 41.743 1
-24.35 69.572 41.743 0
6.9572 -52.179 48.7 0
-3.4786 -48.7 48.7 0
0 -48.7 48.7 0
3.4786 -48.7 48.7 0
-10.436 -45.222 48.7 0
-6.9572 -45.222 48.7 0
-3.4786 -45.222 48.7 0
0 -45.222 48.7 0
6.9572 -45.222 48.7 0
13.914 -45.222 48.7 0
17.393 -45.222 48.7 0
-13.914 -41.743 48.7 0
-10.436 -41.743 48.7 0
-24.35 -38.265 48.7 0
-6.9572 -38.265 48.7 0
17.393 -34.786 48.7 0
24.35 -34.786 48.7 0
-27.829 -34.786 48.7 0
-10.436 -34.786 48.7 0
27.829 -31.307 48.7 0
-31.307 -31.307 48.7 0
-27.829 -31.307 48.7 0
-17.393 -27.829 48.7 0
-13.914 -27.829 48.7 0
6.9572 -27.829 48.7 0
24.35 -27.829 48.7 0
-17.393 -24.35 48.7 0
10.436 -24.35 48.7 0
27.829 -24.35 48.7 0
-41.743 -24.35 48.7 0
-34.786 -24.35 48.7 0
-17.393 -20.872 48.7 0
31.307 -20.872 48.7 0
34.786 -20.872 48.7 0
-41.743 -17.393 48.7 0
-27.829 -17.393 48.7 6
-17.393 -17.393 48.7 0
3.4786 -17.393 48.7 1
31.307 -17.393 48.7 0
34.786 -17.393 48.7 0
-17.393 -13.914 48.7 1
3.4786 -13.914 48.7 0
31.307 -13.914 48.7 0
-45.222 -10.436 48.7 0
-24.35 -10.436 48.7 0
3.4786 -10.436 48.7 0
31.307 -10.436 48.7 2
41.743 -6.9572 48.7 0
3.4786 -6.9572 48.7 0
45.222 -3.4786 48.7 0
-48.7 -3.4786 48.7 4
-41.743 -3.4786 48.7 0
0 -3.4786 48.7 0
34.786 0 48.7 0
45.222 0 48.7 0
-52.179 0 48.7 0
0 0 48.7 0
38.265 3.4786 48.7 0
45.222 3.4786 48.7 0
-52.179 3.4786 48.7 0
-48.7 3.4786 48.7 0
0 3.4786 48.7 0
6.9572 6.9572 48.7 0
20.872 6.9572 48.7 2
45.222 10.436 48.7 0
-3.4786 13.914 48.7 0
48.7 13.914 48.7 0
45.222 17.393 48.7 0
-55.658 17.393 48.7 0
-52.179 17.393 48.7 1
27.829 20.872 48.7 0
-59.136 20.872 48.7 0
-52.179 20.872 48.7 0
-3.4786 24.35 48.7 0
41.743 24.35 48.7 0
-59.136 24.35 48.7 0
-48.7 27.829 48.7 0
38.265 27.829 48.7 0
-59.136 31.307 48.7 1
-34.786 31.307 48.7 0
38.265 34.786 48.7 0
-59.136 34.786 45.222 0
-45.222 34.786 48.7 0
-38.265 34.786 48.7 0
-55.658 38.265 45.222 0
-6.9572 38.265 48.7 0
-55.658 41.743 45.222 0
-52.179 41.743 45.222 0
-48.7 41.743 45.222 0
-41.743 41.743 48.7 0
-38.265 41.743 48.7 0
-34.786 41.743 48.7 0
-6.9572 41.743 48.7 0
0 41.743 48.7 1
-45.222 45.222 45.222 0
-10.436 45.222 48.7 0
24.35 48.7 48.7 0
27.829 48.7 48.7 0
-52.179 48.7 45.222 0
-10.436 48.7 48.7 2
31.307 52.179 48.7 0
-48.7 52.179 45.222 0
-38.265 52.179 45.222 0
-20.872 52.179 48.7 0
-10.436 55.658 48.7 0
-45.222 55.658 45.222 2
-34.786 55.658 45.222 0
-31.307 55.658 45.222 0
-27.829 59.136 45.222 0
-17.393 59.136 48.7 0
-13.914 59.136 48.7 0
-41.743 59.136 45.222 0
-31.307 62.615 45.222 2
-17.393 62.615 45.222 0
-38.265 66.093 45.222 1
-31.307 66.093 45.222 1
-27.829 69.572 45.222 0
-24.35 69.572 45.222 0
-20.872 69.572 45.222 0
-17.393 69.572 45.222 0
0 -45.222 52.179 0
3.4786 -45.222 52.179 0
-6.9572 -41.743 52.179 1
-3.4786 -41.743 52.179 0
17.393 -38.265 52.179 0
-20.872 -38.265 52.179 1
-13.914 -38.265 52.179 0
-6.9572 -38.265 52.179 0
17.393 -34.786 52.179 0
-24.35 -34.786 52.179 0
-20.872 -34.786 52.179 0
-17.393 -34.786 52.179 0
-10.436 -34.786 52.179 0
10.436 -31.307 52.179 1
20.872 -31.307 52.179 0
-24.35 -31.307 52.179 0
20.872 -27.829 52.179 0
24.35 -27.829 52.179 0
-27.829 -27.829 52.179 0
-17.393 -24.35 52.179 0
3.4786 -24.35 52.179 0
10.436 -24.35 52.179 0
27.829 -24.35 52.179 0
-31.307 -20.872 52.179 0
-20.872 -20.872 52.179 0
3.4786 -20.872 52.179 0
17.393 -20.872 52.179 0
20.872 -20.872 52.179 3
24.35 -20.872 52.179 0
27.829 -20.872 52.179 0
-38.265 -17.393 52.179 2
-27.829 -17.393 52.179 2
-17.393 -17.393 52.179 0
3.4786 -17.393 52.179 0
13.914 -17.393 52.179 0
17.393 -17.393 52.179 0
31.307 -17.393 52.179 0
-41.743 -13.914 52.179 0
-38.265 -13.914 52.179 0
-17.393 -13.914 52.179 0
-6.9572 -13.914 52.179 0
-3.4786 -13.914 52.179 0
0 -13.914 52.179 0
3.4786 -13.914 52.179 0
13.914 -13.914 52.179 0
31.307 -13.914 52.179 0
34.786 -13.914 52.179 0
-20.872 -10.436 52.179 0
3.4786 -10.436 52.179 0
24.35 -10.436 52.179 0
27.829 -10.436 52.179 0
31.307 -10.436 52.179 0
38.265 -6.9572 52.179 0
-41.743 -6.9572 52.179 0
-24.35 -6.9572 52.179 0
3.4786 -6.9572 52.179 0
17.393 -6.9572 52.179 1
41.743 -3.4786 52.179 0
-45.222 -3.4786 52.179 0
-41.743 -3.4786 52.179 0
-38.265 -3.4786 52.179 0
-20.872 -3.4786 52.179 2
0 -3.4786 52.179 0
20.872 0 52.179 4
38.265 0 52.179 0
41.743 0 52.179 0
-48.7 0 52.179 0
-31.307 0 52.179 0
0 0 52.179 0
6.9572 0 52.179 0
41.743 3.4786 52.179 0
-52.179 3.4786 52.179 0
-48.7 3.4786 52.179 0
-45.222 3.4786 52.179 0
0 3.4786 52.179 0
20.872 6.9572 52.179 3
41.743 6.9572 52.179 0
45.222 6.9572 52.179 0
-52.179 6.9572 52.179 0
-27.829 6.9572 52.179 0
-3.4786 10.436 52.179 0
20.872 10.436 52.179 10
24.35 10.436 52.179 3
27.829 10.436 52.179 0
45.222 10.436 52.179 0
-52.179 10.436 52.179 0
-45.222 10.436 52.179 0
-24.35 10.436 52.179 0
-3.4786 13.914 52.179 0
27.829 13.914 52.179 0
-52.179 13.914 52.179 0
-52.179 17.393 52.179 1
-41.743 17.393 52.179 0
-3.4786 20.872 52.179 0
27.829 20.872 52.179 0
31.307 20.872 52.179 0
38.265 20.872 52.179 0
41.743 20.872 52.179 0
-55.658 24.35 52.179 0
-27.829 27.829 52.179 0
-24.35 27.829 52.179 0
41.743 27.829 52.179 0
-55.658 31.307 52.179 0
-52.179 31.307 52.179 0
-48.7 31.307 52.179 0
17.393 31.307 52.179 1
20.872 31.307 52.179 0
24.35 31.307 52.179 0
45.222 34.786 52.179 0
-55.658 34.786 52.179 5
-48.7 34.786 52.179 0
-45.222 34.786 52.179 0
-38.265 34.786 52.179 0
-34.786 34.786 52.179 0
17.393 34.786 52.179 0
45.222 38.265 52.179 0
-52.179 38.265 52.179 0
-48.7 38.265 52.179 0
-41.743 38.265 52.179 0
-31.307 38.265 52.179 0
10.436 38.265 52.179 1
38.265 41.743 52.179 0
45.222 41.743 52.179 0
-52.179 41.743 52.179 1
-48.7 41.743 52.179 0
-41.743 41.743 52.179 0
-10.436 41.743 52.179 0
-6.9572 41.743 52.179 0
34.786 45.222 52.179 1
38.265 45.222 52.179 0
-52.179 45.222 52.179 0
-48.7 45.222 52.179 0
-45.222 45.222 52.179 0
-38.265 45.222 52.179 0
-34.786 45.222 52.179 0
-10.436 45.222 52.179 0
24.35 48.7 52.179 0
34.786 48.7 52.179 0
-48.7 48.7 52.179 0
-45.222 48.7 52.179 0
-41.743 48.7 52.179 0
-34.786 48.7 52.179 0
-27.829 48.7 52.179 0
-10.436 48.7 52.179 0
-45.222 52.179 52.179 0
-41.743 52.179 52.179 0
-38.265 52.179 52.179 0
-13.914 55.658 52.179 1
-10.436 55.658 52.179 0
-38.265 55.658 52.179 0
-34.786 55.658 52.179 1
-17.393 59.136 52.179 0
-34.786 62.615 52.179 0
-17.393 62.615 52.179 0
-34.786 66.093 52.179 0
-31.307 66.093 52.179 3
-17.393 66.093 52.179 0
-27.829 69.572 52.179 0
-20.872 69.572 52.179 2
-17.393 69.572 52.179 1
0 -41.743 55.658 0
3.4786 -41.743 55.658 0
-3.4786 -38.265 55.658 0
3.4786 -38.265 55.658 0
13.914 -34.786 55.658 0
-10.436 -34.786 55.658 0
-3.4786 -31.307 55.658 0
3.4786 -31.307 55.658 0
17.393 -31.307 55.658 0
10.436 -27.829 55.658 0
17.393 -27.829 55.658 0
-24.35 -27.829 55.658 2
20.872 -24.35 55.658 5
-27.829 -20.872 55.658 0
-6.9572 -20.872 55.658 0
3.4786 -20.872 55.658 0
13.914 -20.872 55.658 0
17.393 -20.872 55.658 0
-27.829 -17.393 55.658 0
-17.393 -17.393 55.658 0
-3.4786 -17.393 55.658 0
10.436 -17.393 55.658 0
13.914 -17.393 55.658 0
24.35 -17.393 55.658 0
27.829 -17.393 55.658 0
-3.4786 -13.914 55.658 2
31.307 -13.914 55.658 0
-38.265 -10.436 55.658 0
3.4786 -10.436 55.658 0
27.829 -10.436 55.658 0
31.307 -10.436 55.658 0
34.786 -10.436 55.658 0
-38.265 -6.9572 55.658 0
-24.35 -6.9572 55.658 0
0 -6.9572 55.658 0
3.4786 -6.9572 55.658 0
17.393 -6.9572 55.658 0
-38.265 -3.4786 55.658 0
0 -3.4786 55.658 0
3.4786 -3.4786 55.658 0
20.872 0 55.658 0
34.786 0 55.658 0
38.265 0 55.658 0
-41.743 0 55.658 3
-34.786 0 55.658 0
-27.829 0 55.658 0
0 0 55.658 0
24.35 3.4786 55.658 0
-45.222 3.4786 55.658 0
-31.307 3.4786 55.658 0
3.4786 3.4786 55.658 0
41.743 6.9572 55.658 0
-48.7 6.9572 55.658 5
-45.222 6.9572 55.658 0
-27.829 6.9572 55.658 1
3.4786 10.436 55.658 0
34.786 10.436 55.658 0
41.743 10.436 55.658 0
-52.179 10.436 55.658 0
-48.7 10.436 55.658 4
-27.829 10.436 55.658 3
-3.4786 13.914 55.658 0
27.829 13.914 55.658 0
34.786 13.914 55.658 0
38.265 13.914 55.658 0
-52.179 13.914 55.658 0
-48.7 13.914 55.658 0
-3.4786 17.393 55.658 0
17.393 17.393 55.658 0
27.829 17.393 55.658 0
31.307 17.393 55.658 0
34.786 17.393 55.658 0
38.265 17.393 55.658 0
-52.179 17.393 55.658 0
-48.7 17.393 55.658 0
27.829 20.872 55.658 0
31.307 20.872 55.658 0
34.786 20.872 55.658 0
38.265 20.872 55.658 1
-48.7 20.872 55.658 1
-45.222 20.872 55.658 0
13.914 24.35 55.658 1
-48.7 27.829 55.658 0
-38.265 27.829 55.658 0
-27.829 27.829 55.658 0
-20.872 27.829 55.658 0
38.265 27.829 55.658 0
-52.179 31.307 55.658 0
20.872 31.307 55.658 0
27.829 31.307 55.658 0
34.786 31.307 55.658 0
38.265 31.307 55.658 0
41.743 34.786 55.658 0
-52.179 34.786 55.658 0
-48.7 34.786 55.658 0
-27.829 34.786 55.658 0
17.393 34.786 55.658 0
24.35 34.786 55.658 1
41.743 38.265 55.658 0
-45.222 38.265 55.658 0
-17.393 38.265 55.658 0
-13.914 38.265 55.658 0
-10.436 38.265 55.658 0
6.9572 38.265 55.658 0
10.436 38.265 55.658 0
27.829 41.743 55.658 0
41.743 41.743 55.658 0
-41.743 41.743 55.658 0
-6.9572 41.743 55.658 0
20.872 45.222 55.658 5
34.786 45.222 55.658 10
-45.222 45.222 55.658 0
-20.872 45.222 55.658 0
-17.393 45.222 55.658 0
-10.436 45.222 55.658 0
24.35 48.7 55.658 0
34.786 48.7 55.658 1
-45.222 48.7 55.658 0
-41.743 48.7 55.658 0
-38.265 48.7 55.658 0
-34.786 48.7 55.658 0
-13.914 48.7 55.658 6
-41.743 52.179 55.658 0
-38.265 52.179 55.658 0
-24.35 52.179 55.658 8
-13.914 55.658 55.658 1
-10.436 55.658 55.658 0
-38.265 55.658 55.658 0
-17.393 59.136 55.658 0
-34.786 59.136 55.658 0
-17.393 62.615 55.658 0
-27.829 66.093 55.658 0
-17.393 66.093 55.658 1
-3.4786 -34.786 62.615 0
0 -31.307 62.615 0
-13.914 -27.829 62.615 0
-6.9572 -27.829 62.615 0
-3.4786 -27.829 62.615 0
0 -27.829 62.615 0
3.4786 -27.829 62.615 0
-17.393 -24.35 59.136 0
-13.914 -24.35 59.136 0
-10.436 -24.35 62.615 0
-6.9572 -24.35 62.615 0
0 -24.35 62.615 0
3.4786 -24.35 62.615 0
13.914 -24.35 62.615 3
-6.9572 -20.872 59.136 0
-3.4786 -20.872 62.615 0
-27.829 -17.393 59.136 0
-24.35 -17.393 59.136 0
13.914 -17.393 62.615 0
17.393 -17.393 62.615 0
20.872 -17.393 62.615 0
-31.307 -13.914 59.136 0
-10.436 -13.914 59.136 6
-3.4786 -13.914 59.136 0
6.9572 -13.914 62.615 0
17.393 -13.914 62.615 0
20.872 -13.914 62.615 0
24.35 -13.914 62.615 0
-34.786 -10.436 59.136 0
-31.307 -10.436 59.136 0
-17.393 -10.436 59.136 0
-10.436 -10.436 59.136 0
0 -10.436 59.136 0
3.4786 -10.436 59.136 0
20.872 -10.436 62.615 0
24.35 -10.436 62.615 0
-34.786 -6.9572 59.136 0
-27.829 -6.9572 59.136 0
-24.35 -6.9572 59.136 0
-10.436 -6.9572 59.136 2
17.393 -6.9572 59.136 0
31.307 -6.9572 62.615 0
-34.786 -3.4786 59.136 0
-31.307 -3.4786 59.136 0
-24.35 -3.4786 59.136 0
0 -3.4786 59.136 0
20.872 -3.4786 59.136 0
31.307 0 62.615 0
34.786 0 62.615 0
-38.265 0 59.136 1
-17.393 0 59.136 2
0 0 59.136 0
3.4786 0 59.136 0
31.307 3.4786 59.136 0
34.786 3.4786 59.136 0
-45.222 3.4786 59.136 1
-38.265 3.4786 59.136 0
-34.786 3.4786 59.136 0
13.914 6.9572 59.136 1
27.829 6.9572 59.136 0
31.307 6.9572 59.136 0
38.265 6.9572 59.136 0
-45.222 6.9572 59.136 0
-41.743 6.9572 59.136 0
-31.307 6.9572 59.136 0
-13.914 6.9572 59.136 0
-6.9572 6.9572 59.136 0
24.35 10.436 59.136 0
31.307 10.436 59.136 1
34.786 10.436 59.136 0
-45.222 10.436 59.136 8
-41.743 10.436 59.136 0
-27.829 10.436 59.136 0
0 13.914 59.136 0
-45.222 13.914 59.136 6
-41.743 13.914 59.136 0
-31.307 13.914 59.136 0
24.35 17.393 59.136 2
-48.7 17.393 59.136 0
-45.222 17.393 59.136 0
-41.743 17.393 59.136 0
27.829 20.872 59.136 0
31.307 20.872 59.136 0
-45.222 20.872 59.136 1
-41.743 20.872 59.136 0
-3.4786 24.35 59.136 1
13.914 24.35 59.136 0
34.786 24.35 59.136 0
-45.222 27.829 59.136 0
-41.743 27.829 59.136 0
-24.35 27.829 59.136 0
-20.872 27.829 59.136 0
13.914 27.829 59.136 0
34.786 27.829 59.136 0
-45.222 31.307 59.136 0
-41.743 31.307 59.136 0
-38.265 31.307 59.136 0
20.872 31.307 59.136 1
31.307 31.307 59.136 0
34.786 31.307 59.136 0
38.265 31.307 59.136 0
-45.222 34.786 59.136 0
-31.307 34.786 59.136 1
-27.829 34.786 59.136 0
17.393 34.786 59.136 0
31.307 38.265 59.136 0
38.265 38.265 59.136 0
-20.872 38.265 59.136 0
3.4786 38.265 59.136 1
31.307 41.743 59.136 0
34.786 41.743 59.136 0
-38.265 41.743 59.136 0
-6.9572 41.743 59.136 0
-24.35 45.222 59.136 0
-20.872 45.222 59.136 0
-10.436 45.222 59.136 0
-34.786 48.7 59.136 0
-17.393 48.7 59.136 0
-34.786 52.179 59.136 0
-31.307 52.179 59.136 0
-27.829 52.179 59.136 0
-13.914 52.179 59.136 0
-31.307 55.658 59.136 0
-27.829 55.658 59.136 0
-17.393 59.136 59.136 0
-27.829 62.615 59.136 0
-20.872 62.615 59.136 0
-17.393 62.615 59.136 0
-20.872 66.093 59.136 0
-17.393 66.093 59.136 1
0 -27.829 66.093 0
-3.4786 -24.35 66.093 0
0 -24.35 66.093 0
-13.914 -17.393 66.093 0
-10.436 -17.393 66.093 0
-31.307 -13.914 66.093 0
-17.393 -13.914 66.093 0
-13.914 -13.914 66.093 0
13.914 -13.914 66.093 0
17.393 -13.914 66.093 2
-17.393 -10.436 66.093 0
-6.9572 -10.436 66.093 0
-3.4786 -10.436 66.093 0
10.436 -10.436 66.093 0
17.393 -10.436 66.093 0
20.872 -10.436 66.093 0
-31.307 -6.9572 62.615 0
-17.393 -6.9572 66.093 0
-6.9572 -6.9572 66.093 0
0 -6.9572 66.093 0
3.4786 -6.9572 66.093 0
20.872 -6.9572 66.093 0
24.35 -6.9572 66.093 0
-24.35 -3.4786 62.615 0
-17.393 -3.4786 66.093 0
-6.9572 -3.4786 66.093 0
0 -3.4786 66.093 0
3.4786 -3.4786 66.093 0
20.872 -3.4786 66.093 0
-27.829 0 62.615 0
-24.35 0 62.615 0
-20.872 0 62.615 0
-13.914 0 66.093 0
-6.9572 0 66.093 0
0 0 66.093 0
3.4786 0 66.093 0
10.436 0 66.093 0
34.786 3.4786 66.093 0
-34.786 3.4786 62.615 0
-31.307 3.4786 62.615 0
-27.829 3.4786 62.615 0
3.4786 3.4786 66.093 0
10.436 6.9572 66.093 10
24.35 6.9572 66.093 0
-41.743 6.9572 62.615 1
-34.786 6.9572 62.615 0
-13.914 6.9572 62.615 0
-10.436 6.9572 62.615 1
-41.743 10.436 62.615 1
-38.265 10.436 62.615 0
-31.307 10.436 62.615 0
27.829 13.914 66.093 0
-38.265 13.914 62.615 0
-34.786 13.914 62.615 0
-31.307 13.914 62.615 0
-17.393 17.393 62.615 2
-13.914 17.393 62.615 0
-38.265 17.393 62.615 0
-34.786 17.393 62.615 0
-31.307 20.872 62.615 0
3.4786 20.872 62.615 1
20.872 20.872 66.093 0
24.35 20.872 66.093 0
27.829 20.872 66.093 0
-34.786 24.35 62.615 0
-24.35 24.35 62.615 0
-3.4786 24.35 62.615 0
20.872 24.35 62.615 0
27.829 24.35 66.093 0
31.307 24.35 66.093 0
-34.786 27.829 62.615 0
-20.872 27.829 62.615 0
-3.4786 27.829 62.615 0
3.4786 27.829 62.615 0
27.829 27.829 62.615 0
31.307 27.829 62.615 0
-34.786 31.307 62.615 0
-13.914 31.307 62.615 0
13.914 31.307 62.615 0
17.393 31.307 62.615 0
20.872 31.307 62.615 0
-34.786 34.786 62.615 0
13.914 34.786 62.615 0
-13.914 38.265 62.615 0
-3.4786 38.265 62.615 0
3.4786 38.265 62.615 0
-38.265 41.743 62.615 0
-31.307 41.743 62.615 0
-13.914 41.743 62.615 0
-38.265 45.222 62.615 0
-10.436 45.222 62.615 0
-34.786 48.7 62.615 0
-31.307 48.7 62.615 0
-27.829 48.7 62.615 0
-20.872 48.7 62.615 0
-17.393 48.7 62.615 0
-27.829 52.179 62.615 0
-13.914 52.179 62.615 0
-27.829 55.658 62.615 2
-24.35 55.658 62.615 0
-20.872 59.136 62.615 0
-17.393 59.136 62.615 0
-13.914 -6.9572 69.572 0
6.9572 -6.9572 69.572 0
13.914 -6.9572 69.572 0
-20.872 -3.4786 69.572 0
6.9572 -3.4786 69.572 0
10.436 -3.4786 69.572 1
13.914 -3.4786 69.572 1
17.393 -3.4786 69.572 0
-24.35 0 69.572 0
-6.9572 0 69.572 0
-27.829 3.4786 69.572 6
-24.35 3.4786 69.572 0
-20.872 3.4786 69.572 0
-17.393 3.4786 69.572 0
-13.914 3.4786 69.572 0
-10.436 3.4786 69.572 0
20.872 6.9572 69.572 0
24.35 6.9572 69.572 0
-27.829 6.9572 69.572 2
-17.393 6.9572 69.572 0
3.4786 10.436 69.572 0
6.9572 10.436 69.572 0
10.436 10.436 69.572 1
20.872 10.436 69.572 1
24.35 10.436 69.572 0
-27.829 10.436 69.572 5
-24.35 10.436 69.572 0
-17.393 10.436 69.572 5
-13.914 10.436 69.572 0
-10.436 13.914 69.572 0
-6.9572 13.914 69.572 0
0 13.914 69.572 1
6.9572 13.914 69.572 0
10.436 13.914 69.572 2
13.914 13.914 69.572 0
17.393 13.914 69.572 0
20.872 13.914 69.572 3
24.35 13.914 69.572 0
-27.829 13.914 69.572 0
-24.35 13.914 69.572 0
-20.872 13.914 69.572 0
-10.436 17.393 69.572 0
-6.9572 17.393 69.572 0
3.4786 17.393 69.572 0
6.9572 17.393 69.572 0
13.914 17.393 69.572 0
-31.307 17.393 66.093 0
-27.829 20.872 69.572 0
-20.872 20.872 69.572 0
-17.393 20.872 69.572 0
-13.914 20.872 69.572 0
-31.307 24.35 66.093 0
-13.914 24.35 69.572 0
-6.9572 24.35 69.572 0
6.9572 24.35 69.572 0
10.436 24.35 69.572 0
20.872 24.35 69.572 0
-31.307 27.829 66.093 0
-27.829 27.829 66.093 0
3.4786 27.829 69.572 0
-31.307 31.307 66.093 0
-27.829 31.307 66.093 0
-24.35 31.307 66.093 0
-13.914 31.307 66.093 0
-27.829 34.786 66.093 0
-10.436 34.786 66.093 0
3.4786 34.786 69.572 0
6.9572 34.786 69.572 0
10.436 34.786 69.572 0
-27.829 38.265 66.093 0
-13.914 38.265 66.093 0
-27.829 41.743 66.093 0
-24.35 41.743 66.093 0
-17.393 41.743 66.093 10
-13.914 41.743 66.093 0
-31.307 45.222 66.093 0
-24.35 45.222 66.093 0
-20.872 45.222 66.093 0
-17.393 45.222 66.093 0
-20.872 48.7 66.093 0
6.9572 13.914 73.051 0
10.436 13.914 73.051 0
-10.436 17.393 73.051 0
-6.9572 17.393 73.051 0
-13.914 20.872 73.051 0
-10.436 20.872 73.051 0
-6.9572 20.872 73.051 0
-10.436 24.35 73.051 0
-6.9572 24.35 73.051 0
6.9572 27.829 73.051 0
-24.35 31.307 73.051 0
-20.872 31.307 73.051 0
-17.393 31.307 73.051 0
3.4786 31.307 73.051 0
6.9572 31.307 73.051 0
-24.35 34.786 73.051 0
-20.872 34.786 73.051 0
-17.393 34.786 73.051 4
-13.914 34.786 73.051 0
-20.872 38.265 73.051 10
