45.222 59.136 -34.786 10
27.829 38.265 -27.829 10
-31.307 41.743 -27.829 10
24.35 41.743 -27.829 10
27.829 41.743 -27.829 10
52.179 41.743 -27.829 10
52.179 45.222 -27.829 10
55.658 48.7 -27.829 10
38.265 52.179 -31.307 10
52.179 52.179 -31.307 10
38.265 55.658 -31.307 10
-34.786 62.615 -27.829 10
-27.829 66.093 -31.307 10
41.743 62.615 -31.307 10
-59.136 6.9572 -20.872 10
24.35 27.829 -24.35 10
-24.35 34.786 -24.35 10
20.872 34.786 -24.35 10
24.35 34.786 -24.35 10
59.136 31.307 -24.35 10
-34.786 38.265 -24.35 10
59.136 34.786 -24.35 10
-34.786 41.743 -24.35 10
20.872 41.743 -24.35 10
52.179 41.743 -24.35 10
-38.265 45.222 -24.35 10
-34.786 45.222 -24.35 10
20.872 45.222 -24.35 10
24.35 45.222 -24.35 10
-27.829 48.7 -24.35 10
-24.35 48.7 -24.35 10
24.35 48.7 -24.35 10
27.829 48.7 -24.35 10
45.222 48.7 -24.35 10
-38.265 55.658 -24.35 10
-24.35 55.658 -24.35 10
24.35 52.179 -24.35 10
27.829 52.179 -24.35 10
48.7 52.179 -24.35 10
52.179 52.179 -24.35 10
55.658 52.179 -24.35 10
24.35 55.658 -24.35 10
27.829 55.658 -24.35 10
-27.829 66.093 -24.35 10
24.35 66.093 -24.35 10
27.829 66.093 -24.35 10
-38.265 76.529 -27.829 10
-34.786 76.529 -27.829 10
-34.786 83.486 -27.829 10
-31.307 86.965 -27.829 10
20.872 38.265 -20.872 10
59.136 38.265 -20.872 10
-20.872 41.743 -20.872 10
20.872 41.743 -20.872 10
-20.872 52.179 -20.872 10
-20.872 55.658 -20.872 10
27.829 55.658 -20.872 10
-27.829 62.615 -20.872 10
24.35 62.615 -20.872 10
-27.829 66.093 -20.872 10
24.35 66.093 -20.872 10
6.9572 -31.307 -10.436 10
6.9572 -27.829 -10.436 10
-62.615 6.9572 -13.914 10
-59.136 6.9572 -13.914 10
52.179 13.914 -13.914 10
59.136 45.222 -17.393 10
59.136 48.7 -17.393 10
-27.829 59.136 -17.393 10
-27.829 62.615 -17.393 10
24.35 62.615 -17.393 10
-27.829 66.093 -17.393 10
-6.9572 -27.829 -6.9572 10
62.615 24.35 -10.436 10
62.615 38.265 -10.436 10
10.436 55.658 -13.914 10
-34.786 86.965 -13.914 10
-13.914 -55.658 0 10
17.393 -24.35 -3.4786 10
45.222 -41.743 0 10
-52.179 62.615 -3.4786 10
-45.222 69.572 -3.4786 10
52.179 69.572 -3.4786 10
-34.786 86.965 -6.9572 10
6.9572 52.179 0 10
-52.179 66.093 0 10
-48.7 69.572 0 10
-34.786 86.965 0 10
31.307 90.444 -3.4786 10
34.786 90.444 -3.4786 10
-41.743 80.008 3.4786 10
34.786 90.444 3.4786 10
-24.35 -55.658 13.914 10
34.786 80.008 6.9572 10
-38.265 83.486 6.9572 10
34.786 83.486 6.9572 10
-34.786 86.965 6.9572 10
34.786 86.965 6.9572 10
41.743 86.965 6.9572 10
-20.872 76.529 13.914 10
31.307 76.529 10.436 10
-20.872 80.008 10.436 10
31.307 80.008 10.436 10
-38.265 83.486 10.436 10
3.4786 83.486 10.436 10
34.786 83.486 10.436 10
41.743 83.486 10.436 10
0 86.965 10.436 10
3.4786 86.965 10.436 10
38.265 86.965 10.436 10
-24.35 93.922 10.436 10
-3.4786 -52.179 24.35 10
-10.436 -45.222 24.35 10
31.307 76.529 17.393 10
0 83.486 17.393 10
31.307 83.486 13.914 10
34.786 83.486 13.914 10
38.265 86.965 13.914 10
24.35 90.444 13.914 10
41.743 -27.829 27.829 10
38.265 -24.35 24.35 10
38.265 66.093 20.872 10
24.35 80.008 20.872 10
31.307 80.008 20.872 10
27.829 83.486 20.872 10
38.265 83.486 20.872 10
20.872 86.965 20.872 10
31.307 86.965 20.872 10
17.393 90.444 20.872 10
20.872 90.444 20.872 10
24.35 90.444 20.872 10
27.829 90.444 20.872 10
-24.35 69.572 24.35 10
38.265 73.051 24.35 10
34.786 76.529 24.35 10
6.9572 80.008 24.35 10
-17.393 83.486 24.35 10
-20.872 90.444 24.35 10
-17.393 90.444 24.35 10
17.393 86.965 24.35 10
27.829 86.965 24.35 10
13.914 93.922 24.35 10
20.872 90.444 24.35 10
-31.307 -45.222 34.786 10
3.4786 55.658 31.307 10
-13.914 76.529 27.829 10
-13.914 80.008 27.829 10
-10.436 80.008 27.829 10
-6.9572 80.008 27.829 10
-13.914 86.965 27.829 10
6.9572 83.486 27.829 10
13.914 83.486 27.829 10
-17.393 90.444 27.829 10
-13.914 90.444 27.829 10
-10.436 90.444 27.829 10
10.436 90.444 27.829 10
3.4786 59.136 34.786 10
48.7 59.136 34.786 10
48.7 66.093 34.786 10
45.222 69.572 34.786 10
45.222 73.051 34.786 10
-3.4786 76.529 34.786 10
-24.35 83.486 34.786 10
0 80.008 31.307 10
-24.35 86.965 31.307 10
10.436 83.486 31.307 10
17.393 83.486 31.307 10
-10.436 90.444 31.307 10
3.4786 -24.35 41.743 10
3.4786 -20.872 41.743 10
-24.35 -13.914 41.743 10
27.829 -13.914 41.743 10
-24.35 -6.9572 41.743 10
27.829 -10.436 41.743 10
-24.35 -3.4786 41.743 10
38.265 69.572 38.265 10
24.35 -17.393 48.7 10
27.829 -13.914 45.222 10
-27.829 -6.9572 48.7 10
27.829 -10.436 45.222 10
-27.829 -3.4786 45.222 10
27.829 -13.914 52.179 10
27.829 -10.436 52.179 10
31.307 -10.436 52.179 10
41.743 -6.9572 52.179 10
-45.222 3.4786 52.179 10
-24.35 6.9572 48.7 10
24.35 10.436 48.7 10
31.307 13.914 48.7 10
27.829 -10.436 55.658 10
31.307 -10.436 55.658 10
24.35 -3.4786 55.658 10
-17.393 0 55.658 10
31.307 0 55.658 10
-24.35 3.4786 55.658 10
31.307 3.4786 55.658 10
-24.35 6.9572 55.658 10
3.4786 6.9572 55.658 10
31.307 6.9572 55.658 10
41.743 6.9572 55.658 10
24.35 10.436 55.658 10
31.307 10.436 52.179 10
38.265 59.136 52.179 10
-17.393 -20.872 59.136 10
-17.393 -13.914 59.136 10
-24.35 -10.436 59.136 10
-31.307 -6.9572 59.136 10
-34.786 -3.4786 59.136 10
-31.307 -3.4786 59.136 10
27.829 -3.4786 59.136 10
-34.786 0 59.136 10
-31.307 0 59.136 10
-24.35 0 59.136 10
-17.393 0 59.136 10
27.829 0 59.136 10
-38.265 3.4786 59.136 10
-31.307 3.4786 59.136 10
-24.35 3.4786 59.136 10
27.829 3.4786 59.136 10
31.307 3.4786 59.136 10
34.786 6.9572 59.136 10
-24.35 -6.9572 62.615 10
-24.35 -3.4786 62.615 10
-20.872 -3.4786 62.615 10
27.829 13.914 62.615 10
-17.393 17.393 66.093 10
