-27.829 -17.393 -34.786 10
-24.35 -3.4786 -34.786 10
-27.829 -10.436 -27.829 10
31.307 73.051 -41.743 10
34.786 80.008 -45.222 10
-45.222 -17.393 -20.872 10
-10.436 31.307 -31.307 10
27.829 38.265 -31.307 10
27.829 41.743 -31.307 10
45.222 41.743 -31.307 10
45.222 45.222 -31.307 10
31.307 48.7 -34.786 10
34.786 48.7 -34.786 10
34.786 55.658 -34.786 10
48.7 55.658 -34.786 10
27.829 59.136 -34.786 10
34.786 59.136 -34.786 10
45.222 59.136 -34.786 10
27.829 62.615 -38.265 10
34.786 69.572 -38.265 10
31.307 73.051 -38.265 10
24.35 86.965 -41.743 10
13.914 90.444 -45.222 10
20.872 90.444 -45.222 10
24.35 90.444 -45.222 10
24.35 -10.436 -13.914 10
24.35 34.786 -24.35 10
20.872 45.222 -27.829 10
20.872 48.7 -31.307 10
24.35 48.7 -31.307 10
20.872 55.658 -31.307 10
48.7 55.658 -31.307 10
20.872 59.136 -31.307 10
24.35 62.615 -31.307 10
20.872 66.093 -34.786 10
24.35 66.093 -34.786 10
31.307 76.529 -34.786 10
24.35 83.486 -38.265 10
20.872 86.965 -38.265 10
24.35 86.965 -38.265 10
20.872 90.444 -38.265 10
13.914 41.743 -24.35 10
-10.436 -31.307 -3.4786 10
-10.436 -27.829 -3.4786 10
-20.872 -27.829 0 10
-10.436 34.786 -13.914 10
0 66.093 -24.35 10
34.786 90.444 -27.829 10
38.265 90.444 -24.35 10
24.35 93.922 -24.35 10
-3.4786 76.529 -17.393 10
27.829 93.922 -20.872 10
-3.4786 69.572 -6.9572 10
-3.4786 73.051 -10.436 10
24.35 86.965 -10.436 10
24.35 90.444 -10.436 10
20.872 93.922 -13.914 10
24.35 93.922 -13.914 10
20.872 100.88 -13.914 10
24.35 100.88 -13.914 10
-3.4786 59.136 0 10
0 59.136 0 10
-3.4786 66.093 -3.4786 10
-3.4786 69.572 -3.4786 10
-3.4786 73.051 -3.4786 10
20.872 86.965 -6.9572 10
20.872 90.444 -6.9572 10
27.829 90.444 -6.9572 10
-52.179 -24.35 20.872 10
-6.9572 59.136 3.4786 10
-3.4786 69.572 0 10
34.786 83.486 -3.4786 10
31.307 86.965 -3.4786 10
27.829 93.922 -3.4786 10
-55.658 -17.393 24.35 10
55.658 66.093 6.9572 10
-3.4786 -45.222 34.786 10
-3.4786 52.179 13.914 10
20.872 90.444 3.4786 10
-3.4786 -48.7 38.265 10
-3.4786 -38.265 38.265 10
-3.4786 52.179 17.393 10
-3.4786 55.658 13.914 10
-3.4786 80.008 10.436 10
-27.829 -34.786 38.265 10
-6.9572 55.658 17.393 10
-3.4786 55.658 17.393 10
-3.4786 59.136 17.393 10
13.914 80.008 13.914 10
-3.4786 83.486 10.436 10
6.9572 86.965 13.914 10
6.9572 90.444 10.436 10
-3.4786 -38.265 45.222 10
-3.4786 -34.786 45.222 10
-6.9572 -24.35 41.743 10
-20.872 -17.393 41.743 10
45.222 45.222 27.829 10
-3.4786 55.658 24.35 10
-3.4786 62.615 20.872 10
13.914 -24.35 45.222 10
-24.35 -17.393 45.222 10
-20.872 -17.393 45.222 10
-20.872 -13.914 41.743 10
-27.829 3.4786 41.743 10
0 69.572 27.829 10
24.35 -6.9572 52.179 10
-31.307 3.4786 45.222 10
17.393 13.914 45.222 10
-31.307 13.914 48.7 10
-6.9572 -6.9572 59.136 10
-20.872 20.872 48.7 10
3.4786 38.265 52.179 10
