84588 58 25 11 38 62 -28 1
84589 59 25 11 40 62 -28 1
84666 57 26 11 36 60 -28 1
84667 58 26 11 38 60 -28 1
84668 59 26 11 40 60 -28 1
84745 57 27 11 36 58 -28 1
84746 58 27 11 38 58 -28 1
84747 59 27 11 40 58 -28 1
84824 57 28 11 36 56 -28 1
84825 58 28 11 38 56 -28 1
92013 57 24 12 36 64 -26 1
92014 58 24 12 38 64 -26 1
92015 59 24 12 40 64 -26 1
92092 57 25 12 36 62 -26 1
92093 58 25 12 38 62 -26 1
92094 59 25 12 40 62 -26 1
92095 60 25 12 42 62 -26 1
92170 56 26 12 34 60 -26 1
92171 57 26 12 36 60 -26 1
92172 58 26 12 38 60 -26 1
92173 59 26 12 40 60 -26 1
92174 60 26 12 42 60 -26 1
92249 56 27 12 34 58 -26 1
92250 57 27 12 36 58 -26 1
92251 58 27 12 38 58 -26 1
92252 59 27 12 40 58 -26 1
92253 60 27 12 42 58 -26 1
92328 56 28 12 34 56 -26 1
92329 57 28 12 36 56 -26 1
92330 58 28 12 38 56 -26 1
92331 59 28 12 40 56 -26 1
92332 60 28 12 42 56 -26 1
92408 57 29 12 36 54 -26 1
92409 58 29 12 38 54 -26 1
92410 59 29 12 40 54 -26 1
99440 58 23 13 38 66 -24 1
99441 59 23 13 40 66 -24 1
99517 56 24 13 34 64 -24 1
99518 57 24 13 36 64 -24 1
99519 58 24 13 38 64 -24 1
99520 59 24 13 40 64 -24 1
99521 60 24 13 42 64 -24 1
99596 56 25 13 34 62 -24 1
99597 57 25 13 36 62 -24 1
99598 58 25 13 38 62 -24 1
99599 59 25 13 40 62 -24 1
99600 60 25 13 42 62 -24 1
99674 55 26 13 32 60 -24 1
99675 56 26 13 34 60 -24 1
99676 57 26 13 36 60 -24 1
99677 58 26 13 38 60 -24 1
99678 59 26 13 40 60 -24 1
99679 60 26 13 42 60 -24 1
99680 61 26 13 44 60 -24 1
99753 55 27 13 32 58 -24 1
99754 56 27 13 34 58 -24 1
99755 57 27 13 36 58 -24 1
99756 58 27 13 38 58 -24 1
99757 59 27 13 40 58 -24 1
99758 60 27 13 42 58 -24 1
99759 61 27 13 44 58 -24 1
99832 55 28 13 32 56 -24 1
99833 56 28 13 34 56 -24 1
99834 57 28 13 36 56 -24 1
99835 58 28 13 38 56 -24 1
99836 59 28 13 40 56 -24 1
99837 60 28 13 42 56 -24 1
99838 61 28 13 44 56 -24 1
99912 56 29 13 34 54 -24 1
99913 57 29 13 36 54 -24 1
99914 58 29 13 38 54 -24 1
99915 59 29 13 40 54 -24 1
99916 60 29 13 42 54 -24 1
99917 61 29 13 44 54 -24 1
99991 56 30 13 34 52 -24 1
99992 57 30 13 36 52 -24 1
99993 58 30 13 38 52 -24 1
99994 59 30 13 40 52 -24 1
99995 60 30 13 42 52 -24 1
100071 57 31 13 36 50 -24 1
100072 58 31 13 38 50 -24 1
100073 59 31 13 40 50 -24 1
106944 57 23 14 36 66 -22 1
106945 58 23 14 38 66 -22 1
106946 59 23 14 40 66 -22 1
107022 56 24 14 34 64 -22 1
107023 57 24 14 36 64 -22 1
107024 58 24 14 38 64 -22 1
107025 59 24 14 40 64 -22 1
107026 60 24 14 42 64 -22 1
107100 55 25 14 32 62 -22 1
107101 56 25 14 34 62 -22 1
107102 57 25 14 36 62 -22 1
107103 58 25 14 38 62 -22 1
107104 59 25 14 40 62 -22 1
107105 60 25 14 42 62 -22 1
107106 61 25 14 44 62 -22 1
107179 55 26 14 32 60 -22 1
107180 56 26 14 34 60 -22 1
107181 57 26 14 36 60 -22 1
107182 58 26 14 38 60 -22 1
107183 59 26 14 40 60 -22 1
107184 60 26 14 42 60 -22 1
107185 61 26 14 44 60 -22 1
107258 55 27 14 32 58 -22 1
107259 56 27 14 34 58 -22 1
107260 57 27 14 36 58 -22 1
107261 58 27 14 38 58 -22 1
107262 59 27 14 40 58 -22 1
107263 60 27 14 42 58 -22 1
107264 61 27 14 44 58 -22 1
107265 62 27 14 46 58 -22 1
107337 55 28 14 32 56 -22 1
107338 56 28 14 34 56 -22 1
107339 57 28 14 36 56 -22 1
107340 58 28 14 38 56 -22 1
107341 59 28 14 40 56 -22 1
107342 60 28 14 42 56 -22 1
107343 61 28 14 44 56 -22 1
107344 62 28 14 46 56 -22 1
107416 55 29 14 32 54 -22 1
107417 56 29 14 34 54 -22 1
107418 57 29 14 36 54 -22 1
107419 58 29 14 38 54 -22 1
107420 59 29 14 40 54 -22 1
107421 60 29 14 42 54 -22 1
107422 61 29 14 44 54 -22 1
107495 55 30 14 32 52 -22 1
107496 56 30 14 34 52 -22 1
107497 57 30 14 36 52 -22 1
107498 58 30 14 38 52 -22 1
107499 59 30 14 40 52 -22 1
107500 60 30 14 42 52 -22 1
107501 61 30 14 44 52 -22 1
107575 56 31 14 34 50 -22 1
107576 57 31 14 36 50 -22 1
107577 58 31 14 38 50 -22 1
107578 59 31 14 40 50 -22 1
107579 60 31 14 42 50 -22 1
107655 57 32 14 36 48 -22 1
107656 58 32 14 38 48 -22 1
107657 59 32 14 40 48 -22 1
107658 60 32 14 42 48 -22 1
114448 56 23 15 34 66 -20 1
114449 57 23 15 36 66 -20 1
114450 58 23 15 38 66 -20 1
114451 59 23 15 40 66 -20 1
114526 55 24 15 32 64 -20 1
114527 56 24 15 34 64 -20 1
114528 57 24 15 36 64 -20 1
114529 58 24 15 38 64 -20 1
114530 59 24 15 40 64 -20 1
114531 60 24 15 42 64 -20 1
114605 55 25 15 32 62 -20 1
114606 56 25 15 34 62 -20 1
114607 57 25 15 36 62 -20 1
114608 58 25 15 38 62 -20 1
114609 59 25 15 40 62 -20 1
114610 60 25 15 42 62 -20 1
114611 61 25 15 44 62 -20 1
114684 55 26 15 32 60 -20 1
114685 56 26 15 34 60 -20 1
114686 57 26 15 36 60 -20 1
114687 58 26 15 38 60 -20 1
114688 59 26 15 40 60 -20 1
114689 60 26 15 42 60 -20 1
114690 61 26 15 44 60 -20 1
114763 55 27 15 32 58 -20 1
114764 56 27 15 34 58 -20 1
114765 57 27 15 36 58 -20 1
114766 58 27 15 38 58 -20 1
114767 59 27 15 40 58 -20 1
114768 60 27 15 42 58 -20 1
114769 61 27 15 44 58 -20 1
114770 62 27 15 46 58 -20 1
114841 54 28 15 30 56 -20 1
114842 55 28 15 32 56 -20 1
114843 56 28 15 34 56 -20 1
114844 57 28 15 36 56 -20 1
114845 58 28 15 38 56 -20 1
114846 59 28 15 40 56 -20 1
114847 60 28 15 42 56 -20 1
114848 61 28 15 44 56 -20 1
114849 62 28 15 46 56 -20 1
114921 55 29 15 32 54 -20 1
114922 56 29 15 34 54 -20 1
114923 57 29 15 36 54 -20 1
114924 58 29 15 38 54 -20 1
114925 59 29 15 40 54 -20 1
114926 60 29 15 42 54 -20 1
114927 61 29 15 44 54 -20 1
114928 62 29 15 46 54 -20 1
115000 55 30 15 32 52 -20 1
115001 56 30 15 34 52 -20 1
115002 57 30 15 36 52 -20 1
115003 58 30 15 38 52 -20 1
115004 59 30 15 40 52 -20 1
115005 60 30 15 42 52 -20 1
115006 61 30 15 44 52 -20 1
115079 55 31 15 32 50 -20 1
115080 56 31 15 34 50 -20 1
115081 57 31 15 36 50 -20 1
115082 58 31 15 38 50 -20 1
115083 59 31 15 40 50 -20 1
115084 60 31 15 42 50 -20 1
115085 61 31 15 44 50 -20 1
115159 56 32 15 34 48 -20 1
115160 57 32 15 36 48 -20 1
115161 58 32 15 38 48 -20 1
115162 59 32 15 40 48 -20 1
115163 60 32 15 42 48 -20 1
115240 58 33 15 38 46 -20 1
115241 59 33 15 40 46 -20 1
121952 55 23 16 32 66 -18 1
121953 56 23 16 34 66 -18 1
121954 57 23 16 36 66 -18 1
121955 58 23 16 38 66 -18 1
121956 59 23 16 40 66 -18 1
122030 54 24 16 30 64 -18 1
122031 55 24 16 32 64 -18 1
122032 56 24 16 34 64 -18 1
122033 57 24 16 36 64 -18 1
122034 58 24 16 38 64 -18 1
122035 59 24 16 40 64 -18 1
122036 60 24 16 42 64 -18 1
122109 54 25 16 30 62 -18 1
122110 55 25 16 32 62 -18 1
122111 56 25 16 34 62 -18 1
122112 57 25 16 36 62 -18 1
122113 58 25 16 38 62 -18 1
122114 59 25 16 40 62 -18 1
122115 60 25 16 42 62 -18 1
122116 61 25 16 44 62 -18 1
122188 54 26 16 30 60 -18 1
122189 55 26 16 32 60 -18 1
122190 56 26 16 34 60 -18 1
122191 57 26 16 36 60 -18 1
122192 58 26 16 38 60 -18 1
122193 59 26 16 40 60 -18 1
122194 60 26 16 42 60 -18 1
122195 61 26 16 44 60 -18 1
122267 54 27 16 30 58 -18 1
122268 55 27 16 32 58 -18 1
122269 56 27 16 34 58 -18 1
122270 57 27 16 36 58 -18 1
122271 58 27 16 38 58 -18 1
122272 59 27 16 40 58 -18 1
122273 60 27 16 42 58 -18 1
122274 61 27 16 44 58 -18 1
122275 62 27 16 46 58 -18 1
122346 54 28 16 30 56 -18 1
122347 55 28 16 32 56 -18 1
122348 56 28 16 34 56 -18 1
122349 57 28 16 36 56 -18 1
122350 58 28 16 38 56 -18 1
122351 59 28 16 40 56 -18 1
122352 60 28 16 42 56 -18 1
122353 61 28 16 44 56 -18 1
122354 62 28 16 46 56 -18 1
122425 54 29 16 30 54 -18 1
122426 55 29 16 32 54 -18 1
122427 56 29 16 34 54 -18 1
122428 57 29 16 36 54 -18 1
122429 58 29 16 38 54 -18 1
122430 59 29 16 40 54 -18 1
122431 60 29 16 42 54 -18 1
122432 61 29 16 44 54 -18 1
122433 62 29 16 46 54 -18 1
122505 55 30 16 32 52 -18 1
122506 56 30 16 34 52 -18 1
122507 57 30 16 36 52 -18 1
122508 58 30 16 38 52 -18 1
122509 59 30 16 40 52 -18 1
122510 60 30 16 42 52 -18 1
122511 61 30 16 44 52 -18 1
122584 55 31 16 32 50 -18 1
122585 56 31 16 34 50 -18 1
122586 57 31 16 36 50 -18 1
122587 58 31 16 38 50 -18 1
122588 59 31 16 40 50 -18 1
122589 60 31 16 42 50 -18 1
122590 61 31 16 44 50 -18 1
122664 56 32 16 34 48 -18 1
122665 57 32 16 36 48 -18 1
122666 58 32 16 38 48 -18 1
122667 59 32 16 40 48 -18 1
122668 60 32 16 42 48 -18 1
122744 57 33 16 36 46 -18 1
122745 58 33 16 38 46 -18 1
122746 59 33 16 40 46 -18 1
129456 54 23 17 30 66 -16 1
129457 55 23 17 32 66 -16 1
129458 56 23 17 34 66 -16 1
129459 57 23 17 36 66 -16 1
129460 58 23 17 38 66 -16 1
129461 59 23 17 40 66 -16 1
129535 54 24 17 30 64 -16 1
129536 55 24 17 32 64 -16 1
129537 56 24 17 34 64 -16 1
129538 57 24 17 36 64 -16 1
129539 58 24 17 38 64 -16 1
129540 59 24 17 40 64 -16 1
129614 54 25 17 30 62 -16 1
129615 55 25 17 32 62 -16 1
129616 56 25 17 34 62 -16 1
129617 57 25 17 36 62 -16 1
129618 58 25 17 38 62 -16 1
129619 59 25 17 40 62 -16 1
129620 60 25 17 42 62 -16 1
129693 54 26 17 30 60 -16 1
129694 55 26 17 32 60 -16 1
129695 56 26 17 34 60 -16 1
129696 57 26 17 36 60 -16 1
129697 58 26 17 38 60 -16 1
129698 59 26 17 40 60 -16 1
129699 60 26 17 42 60 -16 1
129700 61 26 17 44 60 -16 1
129772 54 27 17 30 58 -16 1
129773 55 27 17 32 58 -16 1
129774 56 27 17 34 58 -16 1
129775 57 27 17 36 58 -16 1
129776 58 27 17 38 58 -16 1
129777 59 27 17 40 58 -16 1
129778 60 27 17 42 58 -16 1
129779 61 27 17 44 58 -16 1
129851 54 28 17 30 56 -16 1
129852 55 28 17 32 56 -16 1
129853 56 28 17 34 56 -16 1
129854 57 28 17 36 56 -16 1
129855 58 28 17 38 56 -16 1
129856 59 28 17 40 56 -16 1
129857 60 28 17 42 56 -16 1
129858 61 28 17 44 56 -16 1
129859 62 28 17 46 56 -16 1
129930 54 29 17 30 54 -16 1
129931 55 29 17 32 54 -16 1
129932 56 29 17 34 54 -16 1
129933 57 29 17 36 54 -16 1
129934 58 29 17 38 54 -16 1
129935 59 29 17 40 54 -16 1
129936 60 29 17 42 54 -16 1
129937 61 29 17 44 54 -16 1
129938 62 29 17 46 54 -16 1
130010 55 30 17 32 52 -16 1
130011 56 30 17 34 52 -16 1
130012 57 30 17 36 52 -16 1
130013 58 30 17 38 52 -16 1
130014 59 30 17 40 52 -16 1
130015 60 30 17 42 52 -16 1
130016 61 30 17 44 52 -16 1
130089 55 31 17 32 50 -16 1
130090 56 31 17 34 50 -16 1
130091 57 31 17 36 50 -16 1
130092 58 31 17 38 50 -16 1
130093 59 31 17 40 50 -16 1
130094 60 31 17 42 50 -16 1
130095 61 31 17 44 50 -16 1
130169 56 32 17 34 48 -16 1
130170 57 32 17 36 48 -16 1
130171 58 32 17 38 48 -16 1
130172 59 32 17 40 48 -16 1
130173 60 32 17 42 48 -16 1
130249 57 33 17 36 46 -16 1
130250 58 33 17 38 46 -16 1
130251 59 33 17 40 46 -16 1
136961 54 23 18 30 66 -14 1
136962 55 23 18 32 66 -14 1
136963 56 23 18 34 66 -14 1
136964 57 23 18 36 66 -14 1
136965 58 23 18 38 66 -14 1
137040 54 24 18 30 64 -14 1
137041 55 24 18 32 64 -14 1
137042 56 24 18 34 64 -14 1
137043 57 24 18 36 64 -14 1
137044 58 24 18 38 64 -14 1
137045 59 24 18 40 64 -14 1
137119 54 25 18 30 62 -14 1
137120 55 25 18 32 62 -14 1
137121 56 25 18 34 62 -14 1
137122 57 25 18 36 62 -14 1
137123 58 25 18 38 62 -14 1
137124 59 25 18 40 62 -14 1
137125 60 25 18 42 62 -14 1
137198 54 26 18 30 60 -14 1
137199 55 26 18 32 60 -14 1
137200 56 26 18 34 60 -14 1
137201 57 26 18 36 60 -14 1
137202 58 26 18 38 60 -14 1
137203 59 26 18 40 60 -14 1
137204 60 26 18 42 60 -14 1
137278 55 27 18 32 58 -14 1
137279 56 27 18 34 58 -14 1
137280 57 27 18 36 58 -14 1
137281 58 27 18 38 58 -14 1
137282 59 27 18 40 58 -14 1
137283 60 27 18 42 58 -14 1
137284 61 27 18 44 58 -14 1
137357 55 28 18 32 56 -14 1
137358 56 28 18 34 56 -14 1
137359 57 28 18 36 56 -14 1
137360 58 28 18 38 56 -14 1
137361 59 28 18 40 56 -14 1
137362 60 28 18 42 56 -14 1
137363 61 28 18 44 56 -14 1
137436 55 29 18 32 54 -14 1
137437 56 29 18 34 54 -14 1
137438 57 29 18 36 54 -14 1
137439 58 29 18 38 54 -14 1
137440 59 29 18 40 54 -14 1
137441 60 29 18 42 54 -14 1
137442 61 29 18 44 54 -14 1
137515 55 30 18 32 52 -14 1
137516 56 30 18 34 52 -14 1
137517 57 30 18 36 52 -14 1
137518 58 30 18 38 52 -14 1
137519 59 30 18 40 52 -14 1
137520 60 30 18 42 52 -14 1
137521 61 30 18 44 52 -14 1
137595 56 31 18 34 50 -14 1
137596 57 31 18 36 50 -14 1
137597 58 31 18 38 50 -14 1
137598 59 31 18 40 50 -14 1
137599 60 31 18 42 50 -14 1
137674 56 32 18 34 48 -14 1
137675 57 32 18 36 48 -14 1
137676 58 32 18 38 48 -14 1
137677 59 32 18 40 48 -14 1
137678 60 32 18 42 48 -14 1
137754 57 33 18 36 46 -14 1
137755 58 33 18 38 46 -14 1
137756 59 33 18 40 46 -14 1
144466 54 23 19 30 66 -12 1
144467 55 23 19 32 66 -12 1
144468 56 23 19 34 66 -12 1
144469 57 23 19 36 66 -12 1
144470 58 23 19 38 66 -12 1
144545 54 24 19 30 64 -12 1
144546 55 24 19 32 64 -12 1
144547 56 24 19 34 64 -12 1
144548 57 24 19 36 64 -12 1
144549 58 24 19 38 64 -12 1
144624 54 25 19 30 62 -12 1
144625 55 25 19 32 62 -12 1
144626 56 25 19 34 62 -12 1
144627 57 25 19 36 62 -12 1
144628 58 25 19 38 62 -12 1
144629 59 25 19 40 62 -12 1
144704 55 26 19 32 60 -12 1
144705 56 26 19 34 60 -12 1
144706 57 26 19 36 60 -12 1
144707 58 26 19 38 60 -12 1
144708 59 26 19 40 60 -12 1
144783 55 27 19 32 58 -12 1
144784 56 27 19 34 58 -12 1
144785 57 27 19 36 58 -12 1
144786 58 27 19 38 58 -12 1
144787 59 27 19 40 58 -12 1
144788 60 27 19 42 58 -12 1
144862 55 28 19 32 56 -12 1
144863 56 28 19 34 56 -12 1
144864 57 28 19 36 56 -12 1
144865 58 28 19 38 56 -12 1
144866 59 28 19 40 56 -12 1
144867 60 28 19 42 56 -12 1
144941 55 29 19 32 54 -12 1
144942 56 29 19 34 54 -12 1
144943 57 29 19 36 54 -12 1
144944 58 29 19 38 54 -12 1
144945 59 29 19 40 54 -12 1
144946 60 29 19 42 54 -12 1
145021 56 30 19 34 52 -12 1
145022 57 30 19 36 52 -12 1
145023 58 30 19 38 52 -12 1
145024 59 30 19 40 52 -12 1
145025 60 30 19 42 52 -12 1
145100 56 31 19 34 50 -12 1
145101 57 31 19 36 50 -12 1
145102 58 31 19 38 50 -12 1
145103 59 31 19 40 50 -12 1
145104 60 31 19 42 50 -12 1
145180 57 32 19 36 48 -12 1
145181 58 32 19 38 48 -12 1
145182 59 32 19 40 48 -12 1
151971 54 23 20 30 66 -10 1
151972 55 23 20 32 66 -10 1
151973 56 23 20 34 66 -10 1
151974 57 23 20 36 66 -10 1
151975 58 23 20 38 66 -10 1
152050 54 24 20 30 64 -10 1
152051 55 24 20 32 64 -10 1
152052 56 24 20 34 64 -10 1
152053 57 24 20 36 64 -10 1
152054 58 24 20 38 64 -10 1
152130 55 25 20 32 62 -10 1
152131 56 25 20 34 62 -10 1
152132 57 25 20 36 62 -10 1
152133 58 25 20 38 62 -10 1
152209 55 26 20 32 60 -10 1
152210 56 26 20 34 60 -10 1
152211 57 26 20 36 60 -10 1
152212 58 26 20 38 60 -10 1
152289 56 27 20 34 58 -10 1
152290 57 27 20 36 58 -10 1
152291 58 27 20 38 58 -10 1
152292 59 27 20 40 58 -10 1
152368 56 28 20 34 56 -10 1
152369 57 28 20 36 56 -10 1
152370 58 28 20 38 56 -10 1
152371 59 28 20 40 56 -10 1
152447 56 29 20 34 54 -10 1
152448 57 29 20 36 54 -10 1
152449 58 29 20 38 54 -10 1
152450 59 29 20 40 54 -10 1
152526 56 30 20 34 52 -10 1
152527 57 30 20 36 52 -10 1
152528 58 30 20 38 52 -10 1
152529 59 30 20 40 52 -10 1
152606 57 31 20 36 50 -10 1
152607 58 31 20 38 50 -10 1
152608 59 31 20 40 50 -10 1
159477 55 23 21 32 66 -8 1
159478 56 23 21 34 66 -8 1
159479 57 23 21 36 66 -8 1
159556 55 24 21 32 64 -8 1
159557 56 24 21 34 64 -8 1
159558 57 24 21 36 64 -8 1
159635 55 25 21 32 62 -8 1
159636 56 25 21 34 62 -8 1
159637 57 25 21 36 62 -8 1
159715 56 26 21 34 60 -8 1
166983 56 23 22 34 66 -6 1
