113975 57 17 15 36 78 -20 1
113976 58 17 15 38 78 -20 1
113977 59 17 15 40 78 -20 1
114054 57 18 15 36 76 -20 1
114055 58 18 15 38 76 -20 1
114056 59 18 15 40 76 -20 1
114133 57 19 15 36 74 -20 1
114134 58 19 15 38 74 -20 1
114135 59 19 15 40 74 -20 1
114213 58 20 15 38 72 -20 1
121401 57 16 16 36 80 -18 1
121402 58 16 16 38 80 -18 1
121403 59 16 16 40 80 -18 1
121479 56 17 16 34 78 -18 1
121480 57 17 16 36 78 -18 1
121481 58 17 16 38 78 -18 1
121482 59 17 16 40 78 -18 1
121558 56 18 16 34 76 -18 1
121559 57 18 16 36 76 -18 1
121560 58 18 16 38 76 -18 1
121561 59 18 16 40 76 -18 1
121562 60 18 16 42 76 -18 1
121637 56 19 16 34 74 -18 1
121638 57 19 16 36 74 -18 1
121639 58 19 16 38 74 -18 1
121640 59 19 16 40 74 -18 1
121717 57 20 16 36 72 -18 1
121718 58 20 16 38 72 -18 1
121719 59 20 16 40 72 -18 1
121796 57 21 16 36 70 -18 1
121797 58 21 16 38 70 -18 1
128827 57 15 17 36 82 -16 1
128828 58 15 17 38 82 -16 1
128829 59 15 17 40 82 -16 1
128905 56 16 17 34 80 -16 1
128906 57 16 17 36 80 -16 1
128907 58 16 17 38 80 -16 1
128908 59 16 17 40 80 -16 1
128984 56 17 17 34 78 -16 1
128985 57 17 17 36 78 -16 1
128986 58 17 17 38 78 -16 1
128987 59 17 17 40 78 -16 1
128988 60 17 17 42 78 -16 1
129063 56 18 17 34 76 -16 1
129064 57 18 17 36 76 -16 1
129065 58 18 17 38 76 -16 1
129066 59 18 17 40 76 -16 1
129067 60 18 17 42 76 -16 1
129142 56 19 17 34 74 -16 1
129143 57 19 17 36 74 -16 1
129144 58 19 17 38 74 -16 1
129145 59 19 17 40 74 -16 1
129146 60 19 17 42 74 -16 1
129221 56 20 17 34 72 -16 1
129222 57 20 17 36 72 -16 1
129223 58 20 17 38 72 -16 1
129224 59 20 17 40 72 -16 1
129300 56 21 17 34 70 -16 1
129301 57 21 17 36 70 -16 1
129302 58 21 17 38 70 -16 1
136332 57 15 18 36 82 -14 1
136333 58 15 18 38 82 -14 1
136334 59 15 18 40 82 -14 1
136410 56 16 18 34 80 -14 1
136411 57 16 18 36 80 -14 1
136412 58 16 18 38 80 -14 1
136413 59 16 18 40 80 -14 1
136488 55 17 18 32 78 -14 1
136489 56 17 18 34 78 -14 1
136490 57 17 18 36 78 -14 1
136491 58 17 18 38 78 -14 1
136492 59 17 18 40 78 -14 1
136493 60 17 18 42 78 -14 1
136567 55 18 18 32 76 -14 1
136568 56 18 18 34 76 -14 1
136569 57 18 18 36 76 -14 1
136570 58 18 18 38 76 -14 1
136571 59 18 18 40 76 -14 1
136572 60 18 18 42 76 -14 1
136646 55 19 18 32 74 -14 1
136647 56 19 18 34 74 -14 1
136648 57 19 18 36 74 -14 1
136649 58 19 18 38 74 -14 1
136650 59 19 18 40 74 -14 1
136651 60 19 18 42 74 -14 1
136725 55 20 18 32 72 -14 1
136726 56 20 18 34 72 -14 1
136727 57 20 18 36 72 -14 1
136728 58 20 18 38 72 -14 1
136729 59 20 18 40 72 -14 1
136804 55 21 18 32 70 -14 1
136805 56 21 18 34 70 -14 1
136806 57 21 18 36 70 -14 1
136807 58 21 18 38 70 -14 1
143837 57 15 19 36 82 -12 1
143838 58 15 19 38 82 -12 1
143915 56 16 19 34 80 -12 1
143916 57 16 19 36 80 -12 1
143917 58 16 19 38 80 -12 1
143918 59 16 19 40 80 -12 1
143993 55 17 19 32 78 -12 1
143994 56 17 19 34 78 -12 1
143995 57 17 19 36 78 -12 1
143996 58 17 19 38 78 -12 1
143997 59 17 19 40 78 -12 1
144072 55 18 19 32 76 -12 1
144073 56 18 19 34 76 -12 1
144074 57 18 19 36 76 -12 1
144075 58 18 19 38 76 -12 1
144076 59 18 19 40 76 -12 1
144077 60 18 19 42 76 -12 1
144151 55 19 19 32 74 -12 1
144152 56 19 19 34 74 -12 1
144153 57 19 19 36 74 -12 1
144154 58 19 19 38 74 -12 1
144155 59 19 19 40 74 -12 1
144230 55 20 19 32 72 -12 1
144231 56 20 19 34 72 -12 1
144232 57 20 19 36 72 -12 1
144233 58 20 19 38 72 -12 1
144234 59 20 19 40 72 -12 1
144309 55 21 19 32 70 -12 1
144310 56 21 19 34 70 -12 1
144311 57 21 19 36 70 -12 1
144312 58 21 19 38 70 -12 1
151420 56 16 20 34 80 -10 1
151421 57 16 20 36 80 -10 1
151422 58 16 20 38 80 -10 1
151498 55 17 20 32 78 -10 1
151499 56 17 20 34 78 -10 1
151500 57 17 20 36 78 -10 1
151501 58 17 20 38 78 -10 1
151502 59 17 20 40 78 -10 1
151577 55 18 20 32 76 -10 1
151578 56 18 20 34 76 -10 1
151579 57 18 20 36 76 -10 1
151580 58 18 20 38 76 -10 1
151581 59 18 20 40 76 -10 1
151656 55 19 20 32 74 -10 1
151657 56 19 20 34 74 -10 1
151658 57 19 20 36 74 -10 1
151659 58 19 20 38 74 -10 1
151660 59 19 20 40 74 -10 1
151735 55 20 20 32 72 -10 1
151736 56 20 20 34 72 -10 1
151737 57 20 20 36 72 -10 1
151738 58 20 20 38 72 -10 1
151739 59 20 20 40 72 -10 1
151814 55 21 20 32 70 -10 1
151815 56 21 20 34 70 -10 1
151816 57 21 20 36 70 -10 1
151817 58 21 20 38 70 -10 1
159003 55 17 21 32 78 -8 1
159004 56 17 21 34 78 -8 1
159005 57 17 21 36 78 -8 1
159006 58 17 21 38 78 -8 1
159082 55 18 21 32 76 -8 1
159083 56 18 21 34 76 -8 1
159084 57 18 21 36 76 -8 1
159085 58 18 21 38 76 -8 1
159161 55 19 21 32 74 -8 1
159162 56 19 21 34 74 -8 1
159163 57 19 21 36 74 -8 1
159164 58 19 21 38 74 -8 1
159165 59 19 21 40 74 -8 1
159240 55 20 21 32 72 -8 1
159241 56 20 21 34 72 -8 1
159242 57 20 21 36 72 -8 1
159243 58 20 21 38 72 -8 1
159319 55 21 21 32 70 -8 1
159320 56 21 21 34 70 -8 1
159321 57 21 21 36 70 -8 1
159322 58 21 21 38 70 -8 1
166509 56 17 22 34 78 -6 1
166510 57 17 22 36 78 -6 1
166587 55 18 22 32 76 -6 1
166588 56 18 22 34 76 -6 1
166589 57 18 22 36 76 -6 1
166590 58 18 22 38 76 -6 1
166666 55 19 22 32 74 -6 1
166667 56 19 22 34 74 -6 1
166668 57 19 22 36 74 -6 1
166669 58 19 22 38 74 -6 1
166745 55 20 22 32 72 -6 1
166746 56 20 22 34 72 -6 1
166747 57 20 22 36 72 -6 1
166748 58 20 22 38 72 -6 1
166824 55 21 22 32 70 -6 1
166825 56 21 22 34 70 -6 1
166826 57 21 22 36 70 -6 1
166827 58 21 22 38 70 -6 1
174093 56 18 23 34 76 -4 1
174094 57 18 23 36 76 -4 1
174095 58 18 23 38 76 -4 1
174171 55 19 23 32 74 -4 1
174172 56 19 23 34 74 -4 1
174173 57 19 23 36 74 -4 1
174174 58 19 23 38 74 -4 1
174250 55 20 23 32 72 -4 1
174251 56 20 23 34 72 -4 1
174252 57 20 23 36 72 -4 1
174253 58 20 23 38 72 -4 1
174329 55 21 23 32 70 -4 1
174330 56 21 23 34 70 -4 1
174331 57 21 23 36 70 -4 1
181599 57 18 24 36 76 -2 1
181677 56 19 24 34 74 -2 1
181678 57 19 24 36 74 -2 1
181679 58 19 24 38 74 -2 1
181756 56 20 24 34 72 -2 1
181757 57 20 24 36 72 -2 1
