54687 44 23 16 54 42 -1.5 1
54688 45 23 16 57 42 -1.5 1
54740 44 24 16 54 39 -1.5 1
54741 45 24 16 57 39 -1.5 1
54793 44 25 16 54 36 -1.5 1
54794 45 25 16 57 36 -1.5 1
57867 44 20 17 54 51 1.5 1
57868 45 20 17 57 51 1.5 1
57869 46 20 17 60 51 1.5 1
57920 44 21 17 54 48 1.5 1
57921 45 21 17 57 48 1.5 1
57922 46 21 17 60 48 1.5 1
57923 47 21 17 63 48 1.5 1
57971 42 22 17 48 45 1.5 1
57972 43 22 17 51 45 1.5 1
57973 44 22 17 54 45 1.5 1
57974 45 22 17 57 45 1.5 1
57975 46 22 17 60 45 1.5 1
57976 47 22 17 63 45 1.5 1
58024 42 23 17 48 42 1.5 1
58025 43 23 17 51 42 1.5 1
58026 44 23 17 54 42 1.5 1
58027 45 23 17 57 42 1.5 1
58028 46 23 17 60 42 1.5 1
58029 47 23 17 63 42 1.5 1
58077 42 24 17 48 39 1.5 1
58078 43 24 17 51 39 1.5 1
58079 44 24 17 54 39 1.5 1
58080 45 24 17 57 39 1.5 1
58081 46 24 17 60 39 1.5 1
58082 47 24 17 63 39 1.5 1
58130 42 25 17 48 36 1.5 1
58131 43 25 17 51 36 1.5 1
58132 44 25 17 54 36 1.5 1
58133 45 25 17 57 36 1.5 1
58134 46 25 17 60 36 1.5 1
58135 47 25 17 63 36 1.5 1
58184 43 26 17 51 33 1.5 1
58185 44 26 17 54 33 1.5 1
58186 45 26 17 57 33 1.5 1
58187 46 26 17 60 33 1.5 1
58188 47 26 17 63 33 1.5 1
58238 44 27 17 54 30 1.5 1
58239 45 27 17 57 30 1.5 1
58240 46 27 17 60 30 1.5 1
58241 47 27 17 63 30 1.5 1
61206 44 20 18 54 51 4.5 1
61207 45 20 18 57 51 4.5 1
61208 46 20 18 60 51 4.5 1
61209 47 20 18 63 51 4.5 1
61257 42 21 18 48 48 4.5 1
61258 43 21 18 51 48 4.5 1
61259 44 21 18 54 48 4.5 1
61260 45 21 18 57 48 4.5 1
61261 46 21 18 60 48 4.5 1
61262 47 21 18 63 48 4.5 1
61309 41 22 18 45 45 4.5 1
61310 42 22 18 48 45 4.5 1
61311 43 22 18 51 45 4.5 1
61312 44 22 18 54 45 4.5 1
61313 45 22 18 57 45 4.5 1
61314 46 22 18 60 45 4.5 1
61315 47 22 18 63 45 4.5 1
61362 41 23 18 45 42 4.5 1
61363 42 23 18 48 42 4.5 1
61364 43 23 18 51 42 4.5 1
61365 44 23 18 54 42 4.5 1
61366 45 23 18 57 42 4.5 1
61367 46 23 18 60 42 4.5 1
61368 47 23 18 63 42 4.5 1
61416 42 24 18 48 39 4.5 1
61417 43 24 18 51 39 4.5 1
61418 44 24 18 54 39 4.5 1
61419 45 24 18 57 39 4.5 1
61420 46 24 18 60 39 4.5 1
61421 47 24 18 63 39 4.5 1
61469 42 25 18 48 36 4.5 1
61470 43 25 18 51 36 4.5 1
61471 44 25 18 54 36 4.5 1
61472 45 25 18 57 36 4.5 1
61473 46 25 18 60 36 4.5 1
61474 47 25 18 63 36 4.5 1
61524 44 26 18 54 33 4.5 1
61525 45 26 18 57 33 4.5 1
61526 46 26 18 60 33 4.5 1
61527 47 26 18 63 33 4.5 1
61528 48 26 18 66 33 4.5 1
61577 44 27 18 54 30 4.5 1
61578 45 27 18 57 30 4.5 1
61579 46 27 18 60 30 4.5 1
61580 47 27 18 63 30 4.5 1
61632 46 28 18 60 27 4.5 1
61633 47 28 18 63 27 4.5 1
64493 45 19 19 57 54 7.5 1
64494 46 19 19 60 54 7.5 1
64543 42 20 19 48 51 7.5 1
64544 43 20 19 51 51 7.5 1
64545 44 20 19 54 51 7.5 1
64546 45 20 19 57 51 7.5 1
64547 46 20 19 60 51 7.5 1
64548 47 20 19 63 51 7.5 1
64595 41 21 19 45 48 7.5 1
64596 42 21 19 48 48 7.5 1
64597 43 21 19 51 48 7.5 1
64598 44 21 19 54 48 7.5 1
64599 45 21 19 57 48 7.5 1
64600 46 21 19 60 48 7.5 1
64601 47 21 19 63 48 7.5 1
64647 40 22 19 42 45 7.5 1
64648 41 22 19 45 45 7.5 1
64649 42 22 19 48 45 7.5 1
64650 43 22 19 51 45 7.5 1
64651 44 22 19 54 45 7.5 1
64652 45 22 19 57 45 7.5 1
64653 46 22 19 60 45 7.5 1
64654 47 22 19 63 45 7.5 1
64701 41 23 19 45 42 7.5 1
64702 42 23 19 48 42 7.5 1
64703 43 23 19 51 42 7.5 1
64704 44 23 19 54 42 7.5 1
64705 45 23 19 57 42 7.5 1
64706 46 23 19 60 42 7.5 1
64707 47 23 19 63 42 7.5 1
64708 48 23 19 66 42 7.5 1
64755 42 24 19 48 39 7.5 1
64756 43 24 19 51 39 7.5 1
64757 44 24 19 54 39 7.5 1
64758 45 24 19 57 39 7.5 1
64759 46 24 19 60 39 7.5 1
64760 47 24 19 63 39 7.5 1
64761 48 24 19 66 39 7.5 1
64809 43 25 19 51 36 7.5 1
64810 44 25 19 54 36 7.5 1
64811 45 25 19 57 36 7.5 1
64812 46 25 19 60 36 7.5 1
64813 47 25 19 63 36 7.5 1
64814 48 25 19 66 36 7.5 1
64863 44 26 19 54 33 7.5 1
64864 45 26 19 57 33 7.5 1
64865 46 26 19 60 33 7.5 1
64866 47 26 19 63 33 7.5 1
64867 48 26 19 66 33 7.5 1
64917 45 27 19 57 30 7.5 1
64918 46 27 19 60 30 7.5 1
64919 47 27 19 63 30 7.5 1
64920 48 27 19 66 30 7.5 1
64971 46 28 19 60 27 7.5 1
64972 47 28 19 63 27 7.5 1
67831 44 19 20 54 54 10.5 1
67832 45 19 20 57 54 10.5 1
67833 46 19 20 60 54 10.5 1
67883 43 20 20 51 51 10.5 1
67884 44 20 20 54 51 10.5 1
67885 45 20 20 57 51 10.5 1
67886 46 20 20 60 51 10.5 1
67887 47 20 20 63 51 10.5 1
67934 41 21 20 45 48 10.5 1
67935 42 21 20 48 48 10.5 1
67936 43 21 20 51 48 10.5 1
67937 44 21 20 54 48 10.5 1
67938 45 21 20 57 48 10.5 1
67939 46 21 20 60 48 10.5 1
67940 47 21 20 63 48 10.5 1
67986 40 22 20 42 45 10.5 1
67987 41 22 20 45 45 10.5 1
67988 42 22 20 48 45 10.5 1
67989 43 22 20 51 45 10.5 1
67990 44 22 20 54 45 10.5 1
67991 45 22 20 57 45 10.5 1
67992 46 22 20 60 45 10.5 1
67993 47 22 20 63 45 10.5 1
67994 48 22 20 66 45 10.5 1
68040 41 23 20 45 42 10.5 1
68041 42 23 20 48 42 10.5 1
68042 43 23 20 51 42 10.5 1
68043 44 23 20 54 42 10.5 1
68044 45 23 20 57 42 10.5 1
68045 46 23 20 60 42 10.5 1
68046 47 23 20 63 42 10.5 1
68047 48 23 20 66 42 10.5 1
68094 42 24 20 48 39 10.5 1
68095 43 24 20 51 39 10.5 1
68096 44 24 20 54 39 10.5 1
68097 45 24 20 57 39 10.5 1
68098 46 24 20 60 39 10.5 1
68099 47 24 20 63 39 10.5 1
68100 48 24 20 66 39 10.5 1
68149 44 25 20 54 36 10.5 1
68150 45 25 20 57 36 10.5 1
68151 46 25 20 60 36 10.5 1
68152 47 25 20 63 36 10.5 1
68153 48 25 20 66 36 10.5 1
68203 45 26 20 57 33 10.5 1
68204 46 26 20 60 33 10.5 1
68205 47 26 20 63 33 10.5 1
68206 48 26 20 66 33 10.5 1
68257 46 27 20 60 30 10.5 1
68258 47 27 20 63 30 10.5 1
71118 45 18 21 57 57 13.5 1
71170 44 19 21 54 54 13.5 1
71171 45 19 21 57 54 13.5 1
71172 46 19 21 60 54 13.5 1
71223 44 20 21 54 51 13.5 1
71224 45 20 21 57 51 13.5 1
71225 46 20 21 60 51 13.5 1
71226 47 20 21 63 51 13.5 1
71275 43 21 21 51 48 13.5 1
71276 44 21 21 54 48 13.5 1
71277 45 21 21 57 48 13.5 1
71278 46 21 21 60 48 13.5 1
71279 47 21 21 63 48 13.5 1
71327 42 22 21 48 45 13.5 1
71328 43 22 21 51 45 13.5 1
71329 44 22 21 54 45 13.5 1
71330 45 22 21 57 45 13.5 1
71331 46 22 21 60 45 13.5 1
71332 47 22 21 63 45 13.5 1
71381 43 23 21 51 42 13.5 1
71382 44 23 21 54 42 13.5 1
71383 45 23 21 57 42 13.5 1
71384 46 23 21 60 42 13.5 1
71385 47 23 21 63 42 13.5 1
71436 45 24 21 57 39 13.5 1
71437 46 24 21 60 39 13.5 1
71438 47 24 21 63 39 13.5 1
71490 46 25 21 60 36 13.5 1
71491 47 25 21 63 36 13.5 1
74457 45 18 22 57 57 16.5 1
74509 44 19 22 54 54 16.5 1
74510 45 19 22 57 54 16.5 1
74511 46 19 22 60 54 16.5 1
74562 44 20 22 54 51 16.5 1
74563 45 20 22 57 51 16.5 1
74564 46 20 22 60 51 16.5 1
74565 47 20 22 63 51 16.5 1
74615 44 21 22 54 48 16.5 1
74616 45 21 22 57 48 16.5 1
74617 46 21 22 60 48 16.5 1
74618 47 21 22 63 48 16.5 1
74668 44 22 22 54 45 16.5 1
74669 45 22 22 57 45 16.5 1
74670 46 22 22 60 45 16.5 1
74671 47 22 22 63 45 16.5 1
74722 45 23 22 57 42 16.5 1
74723 46 23 22 60 42 16.5 1
74724 47 23 22 63 42 16.5 1
