62428 18 30 8 -42 52 -34 1
62506 17 31 8 -44 50 -34 1
62507 18 31 8 -42 50 -34 1
62508 19 31 8 -40 50 -34 1
62585 17 32 8 -44 48 -34 1
62586 18 32 8 -42 48 -34 1
62587 19 32 8 -40 48 -34 1
62588 20 32 8 -38 48 -34 1
62664 17 33 8 -44 46 -34 1
62665 18 33 8 -42 46 -34 1
62666 19 33 8 -40 46 -34 1
62667 20 33 8 -38 46 -34 1
62744 18 34 8 -42 44 -34 1
62745 19 34 8 -40 44 -34 1
69538 18 25 9 -42 62 -32 1
69617 18 26 9 -42 60 -32 1
69696 18 27 9 -42 58 -32 1
69774 17 28 9 -44 56 -32 1
69775 18 28 9 -42 56 -32 1
69776 19 28 9 -40 56 -32 1
69853 17 29 9 -44 54 -32 1
69854 18 29 9 -42 54 -32 1
69855 19 29 9 -40 54 -32 1
69856 20 29 9 -38 54 -32 1
69931 16 30 9 -46 52 -32 1
69932 17 30 9 -44 52 -32 1
69933 18 30 9 -42 52 -32 1
69934 19 30 9 -40 52 -32 1
69935 20 30 9 -38 52 -32 1
70010 16 31 9 -46 50 -32 1
70011 17 31 9 -44 50 -32 1
70012 18 31 9 -42 50 -32 1
70013 19 31 9 -40 50 -32 1
70014 20 31 9 -38 50 -32 1
70015 21 31 9 -36 50 -32 1
70089 16 32 9 -46 48 -32 1
70090 17 32 9 -44 48 -32 1
70091 18 32 9 -42 48 -32 1
70092 19 32 9 -40 48 -32 1
70093 20 32 9 -38 48 -32 1
70094 21 32 9 -36 48 -32 1
70168 16 33 9 -46 46 -32 1
70169 17 33 9 -44 46 -32 1
70170 18 33 9 -42 46 -32 1
70171 19 33 9 -40 46 -32 1
70172 20 33 9 -38 46 -32 1
70173 21 33 9 -36 46 -32 1
70248 17 34 9 -44 44 -32 1
70249 18 34 9 -42 44 -32 1
70250 19 34 9 -40 44 -32 1
70251 20 34 9 -38 44 -32 1
70252 21 34 9 -36 44 -32 1
70328 18 35 9 -42 42 -32 1
70329 19 35 9 -40 42 -32 1
70330 20 35 9 -38 42 -32 1
70331 21 35 9 -36 42 -32 1
70408 19 36 9 -40 40 -32 1
70409 20 36 9 -38 40 -32 1
70410 21 36 9 -36 40 -32 1
70488 20 37 9 -38 38 -32 1
70489 21 37 9 -36 38 -32 1
77042 17 25 10 -44 62 -30 1
77043 18 25 10 -42 62 -30 1
77044 19 25 10 -40 62 -30 1
77045 20 25 10 -38 62 -30 1
77121 17 26 10 -44 60 -30 1
77122 18 26 10 -42 60 -30 1
77123 19 26 10 -40 60 -30 1
77124 20 26 10 -38 60 -30 1
77200 17 27 10 -44 58 -30 1
77201 18 27 10 -42 58 -30 1
77202 19 27 10 -40 58 -30 1
77203 20 27 10 -38 58 -30 1
77278 16 28 10 -46 56 -30 1
77279 17 28 10 -44 56 -30 1
77280 18 28 10 -42 56 -30 1
77281 19 28 10 -40 56 -30 1
77282 20 28 10 -38 56 -30 1
77283 21 28 10 -36 56 -30 1
77357 16 29 10 -46 54 -30 1
77358 17 29 10 -44 54 -30 1
77359 18 29 10 -42 54 -30 1
77360 19 29 10 -40 54 -30 1
77361 20 29 10 -38 54 -30 1
77362 21 29 10 -36 54 -30 1
77436 16 30 10 -46 52 -30 1
77437 17 30 10 -44 52 -30 1
77438 18 30 10 -42 52 -30 1
77439 19 30 10 -40 52 -30 1
77440 20 30 10 -38 52 -30 1
77441 21 30 10 -36 52 -30 1
77442 22 30 10 -34 52 -30 1
77515 16 31 10 -46 50 -30 1
77516 17 31 10 -44 50 -30 1
77517 18 31 10 -42 50 -30 1
77518 19 31 10 -40 50 -30 1
77519 20 31 10 -38 50 -30 1
77520 21 31 10 -36 50 -30 1
77521 22 31 10 -34 50 -30 1
77593 15 32 10 -48 48 -30 1
77594 16 32 10 -46 48 -30 1
77595 17 32 10 -44 48 -30 1
77596 18 32 10 -42 48 -30 1
77597 19 32 10 -40 48 -30 1
77598 20 32 10 -38 48 -30 1
77599 21 32 10 -36 48 -30 1
77600 22 32 10 -34 48 -30 1
77673 16 33 10 -46 46 -30 1
77674 17 33 10 -44 46 -30 1
77675 18 33 10 -42 46 -30 1
77676 19 33 10 -40 46 -30 1
77677 20 33 10 -38 46 -30 1
77678 21 33 10 -36 46 -30 1
77679 22 33 10 -34 46 -30 1
77752 16 34 10 -46 44 -30 1
77753 17 34 10 -44 44 -30 1
77754 18 34 10 -42 44 -30 1
77755 19 34 10 -40 44 -30 1
77756 20 34 10 -38 44 -30 1
77757 21 34 10 -36 44 -30 1
77758 22 34 10 -34 44 -30 1
77759 23 34 10 -32 44 -30 1
77832 17 35 10 -44 42 -30 1
77833 18 35 10 -42 42 -30 1
77834 19 35 10 -40 42 -30 1
77835 20 35 10 -38 42 -30 1
77836 21 35 10 -36 42 -30 1
77837 22 35 10 -34 42 -30 1
77838 23 35 10 -32 42 -30 1
77912 18 36 10 -42 40 -30 1
77913 19 36 10 -40 40 -30 1
77914 20 36 10 -38 40 -30 1
77915 21 36 10 -36 40 -30 1
77916 22 36 10 -34 40 -30 1
77917 23 36 10 -32 40 -30 1
77992 19 37 10 -40 38 -30 1
77993 20 37 10 -38 38 -30 1
77994 21 37 10 -36 38 -30 1
77995 22 37 10 -34 38 -30 1
78072 20 38 10 -38 36 -30 1
78073 21 38 10 -36 36 -30 1
78074 22 38 10 -34 36 -30 1
84547 17 25 11 -44 62 -28 1
84548 18 25 11 -42 62 -28 1
84549 19 25 11 -40 62 -28 1
84550 20 25 11 -38 62 -28 1
84551 21 25 11 -36 62 -28 1
84625 16 26 11 -46 60 -28 1
84626 17 26 11 -44 60 -28 1
84627 18 26 11 -42 60 -28 1
84628 19 26 11 -40 60 -28 1
84629 20 26 11 -38 60 -28 1
84630 21 26 11 -36 60 -28 1
84704 16 27 11 -46 58 -28 1
84705 17 27 11 -44 58 -28 1
84706 18 27 11 -42 58 -28 1
84707 19 27 11 -40 58 -28 1
84708 20 27 11 -38 58 -28 1
84709 21 27 11 -36 58 -28 1
84783 16 28 11 -46 56 -28 1
84784 17 28 11 -44 56 -28 1
84785 18 28 11 -42 56 -28 1
84786 19 28 11 -40 56 -28 1
84787 20 28 11 -38 56 -28 1
84788 21 28 11 -36 56 -28 1
84789 22 28 11 -34 56 -28 1
84862 16 29 11 -46 54 -28 1
84863 17 29 11 -44 54 -28 1
84864 18 29 11 -42 54 -28 1
84865 19 29 11 -40 54 -28 1
84866 20 29 11 -38 54 -28 1
84867 21 29 11 -36 54 -28 1
84868 22 29 11 -34 54 -28 1
84940 15 30 11 -48 52 -28 1
84941 16 30 11 -46 52 -28 1
84942 17 30 11 -44 52 -28 1
84943 18 30 11 -42 52 -28 1
84944 19 30 11 -40 52 -28 1
84945 20 30 11 -38 52 -28 1
84946 21 30 11 -36 52 -28 1
84947 22 30 11 -34 52 -28 1
84948 23 30 11 -32 52 -28 1
85019 15 31 11 -48 50 -28 1
85020 16 31 11 -46 50 -28 1
85021 17 31 11 -44 50 -28 1
85022 18 31 11 -42 50 -28 1
85023 19 31 11 -40 50 -28 1
85024 20 31 11 -38 50 -28 1
85025 21 31 11 -36 50 -28 1
85026 22 31 11 -34 50 -28 1
85027 23 31 11 -32 50 -28 1
85098 15 32 11 -48 48 -28 1
85099 16 32 11 -46 48 -28 1
85100 17 32 11 -44 48 -28 1
85101 18 32 11 -42 48 -28 1
85102 19 32 11 -40 48 -28 1
85103 20 32 11 -38 48 -28 1
85104 21 32 11 -36 48 -28 1
85105 22 32 11 -34 48 -28 1
85106 23 32 11 -32 48 -28 1
85177 15 33 11 -48 46 -28 1
85178 16 33 11 -46 46 -28 1
85179 17 33 11 -44 46 -28 1
85180 18 33 11 -42 46 -28 1
85181 19 33 11 -40 46 -28 1
85182 20 33 11 -38 46 -28 1
85183 21 33 11 -36 46 -28 1
85184 22 33 11 -34 46 -28 1
85185 23 33 11 -32 46 -28 1
85256 15 34 11 -48 44 -28 1
85257 16 34 11 -46 44 -28 1
85258 17 34 11 -44 44 -28 1
85259 18 34 11 -42 44 -28 1
85260 19 34 11 -40 44 -28 1
85261 20 34 11 -38 44 -28 1
85262 21 34 11 -36 44 -28 1
85263 22 34 11 -34 44 -28 1
85264 23 34 11 -32 44 -28 1
85336 16 35 11 -46 42 -28 1
85337 17 35 11 -44 42 -28 1
85338 18 35 11 -42 42 -28 1
85339 19 35 11 -40 42 -28 1
85340 20 35 11 -38 42 -28 1
85341 21 35 11 -36 42 -28 1
85342 22 35 11 -34 42 -28 1
85343 23 35 11 -32 42 -28 1
85416 17 36 11 -44 40 -28 1
85417 18 36 11 -42 40 -28 1
85418 19 36 11 -40 40 -28 1
85419 20 36 11 -38 40 -28 1
85420 21 36 11 -36 40 -28 1
85421 22 36 11 -34 40 -28 1
85422 23 36 11 -32 40 -28 1
85496 18 37 11 -42 38 -28 1
85497 19 37 11 -40 38 -28 1
85498 20 37 11 -38 38 -28 1
85499 21 37 11 -36 38 -28 1
85500 22 37 11 -34 38 -28 1
85501 23 37 11 -32 38 -28 1
85576 19 38 11 -40 36 -28 1
85577 20 38 11 -38 36 -28 1
85578 21 38 11 -36 36 -28 1
85579 22 38 11 -34 36 -28 1
92052 17 25 12 -44 62 -26 1
92053 18 25 12 -42 62 -26 1
92054 19 25 12 -40 62 -26 1
92055 20 25 12 -38 62 -26 1
92056 21 25 12 -36 62 -26 1
92057 22 25 12 -34 62 -26 1
92130 16 26 12 -46 60 -26 1
92131 17 26 12 -44 60 -26 1
92132 18 26 12 -42 60 -26 1
92133 19 26 12 -40 60 -26 1
92134 20 26 12 -38 60 -26 1
92135 21 26 12 -36 60 -26 1
92136 22 26 12 -34 60 -26 1
92209 16 27 12 -46 58 -26 1
92210 17 27 12 -44 58 -26 1
92211 18 27 12 -42 58 -26 1
92212 19 27 12 -40 58 -26 1
92213 20 27 12 -38 58 -26 1
92214 21 27 12 -36 58 -26 1
92215 22 27 12 -34 58 -26 1
92288 16 28 12 -46 56 -26 1
92289 17 28 12 -44 56 -26 1
92290 18 28 12 -42 56 -26 1
92291 19 28 12 -40 56 -26 1
92292 20 28 12 -38 56 -26 1
92293 21 28 12 -36 56 -26 1
92294 22 28 12 -34 56 -26 1
92367 16 29 12 -46 54 -26 1
92368 17 29 12 -44 54 -26 1
92369 18 29 12 -42 54 -26 1
92370 19 29 12 -40 54 -26 1
92371 20 29 12 -38 54 -26 1
92372 21 29 12 -36 54 -26 1
92373 22 29 12 -34 54 -26 1
92374 23 29 12 -32 54 -26 1
92445 15 30 12 -48 52 -26 1
92446 16 30 12 -46 52 -26 1
92447 17 30 12 -44 52 -26 1
92448 18 30 12 -42 52 -26 1
92449 19 30 12 -40 52 -26 1
92450 20 30 12 -38 52 -26 1
92451 21 30 12 -36 52 -26 1
92452 22 30 12 -34 52 -26 1
92453 23 30 12 -32 52 -26 1
92524 15 31 12 -48 50 -26 1
92525 16 31 12 -46 50 -26 1
92526 17 31 12 -44 50 -26 1
92527 18 31 12 -42 50 -26 1
92528 19 31 12 -40 50 -26 1
92529 20 31 12 -38 50 -26 1
92530 21 31 12 -36 50 -26 1
92531 22 31 12 -34 50 -26 1
92532 23 31 12 -32 50 -26 1
92603 15 32 12 -48 48 -26 1
92604 16 32 12 -46 48 -26 1
92605 17 32 12 -44 48 -26 1
92606 18 32 12 -42 48 -26 1
92607 19 32 12 -40 48 -26 1
92608 20 32 12 -38 48 -26 1
92609 21 32 12 -36 48 -26 1
92610 22 32 12 -34 48 -26 1
92611 23 32 12 -32 48 -26 1
92682 15 33 12 -48 46 -26 1
92683 16 33 12 -46 46 -26 1
92684 17 33 12 -44 46 -26 1
92685 18 33 12 -42 46 -26 1
92686 19 33 12 -40 46 -26 1
92687 20 33 12 -38 46 -26 1
92688 21 33 12 -36 46 -26 1
92689 22 33 12 -34 46 -26 1
92690 23 33 12 -32 46 -26 1
92691 24 33 12 -30 46 -26 1
92761 15 34 12 -48 44 -26 1
92762 16 34 12 -46 44 -26 1
92763 17 34 12 -44 44 -26 1
92764 18 34 12 -42 44 -26 1
92765 19 34 12 -40 44 -26 1
92766 20 34 12 -38 44 -26 1
92767 21 34 12 -36 44 -26 1
92768 22 34 12 -34 44 -26 1
92769 23 34 12 -32 44 -26 1
92770 24 34 12 -30 44 -26 1
92841 16 35 12 -46 42 -26 1
92842 17 35 12 -44 42 -26 1
92843 18 35 12 -42 42 -26 1
92844 19 35 12 -40 42 -26 1
92845 20 35 12 -38 42 -26 1
92846 21 35 12 -36 42 -26 1
92847 22 35 12 -34 42 -26 1
92848 23 35 12 -32 42 -26 1
92849 24 35 12 -30 42 -26 1
92920 16 36 12 -46 40 -26 1
92921 17 36 12 -44 40 -26 1
92922 18 36 12 -42 40 -26 1
92923 19 36 12 -40 40 -26 1
92924 20 36 12 -38 40 -26 1
92925 21 36 12 -36 40 -26 1
92926 22 36 12 -34 40 -26 1
92927 23 36 12 -32 40 -26 1
93000 17 37 12 -44 38 -26 1
93001 18 37 12 -42 38 -26 1
93002 19 37 12 -40 38 -26 1
93003 20 37 12 -38 38 -26 1
93004 21 37 12 -36 38 -26 1
93005 22 37 12 -34 38 -26 1
93006 23 37 12 -32 38 -26 1
93081 19 38 12 -40 36 -26 1
93082 20 38 12 -38 36 -26 1
93083 21 38 12 -36 36 -26 1
93084 22 38 12 -34 36 -26 1
93162 21 39 12 -36 34 -26 1
99557 17 25 13 -44 62 -24 1
99558 18 25 13 -42 62 -24 1
99559 19 25 13 -40 62 -24 1
99560 20 25 13 -38 62 -24 1
99561 21 25 13 -36 62 -24 1
99562 22 25 13 -34 62 -24 1
99636 17 26 13 -44 60 -24 1
99637 18 26 13 -42 60 -24 1
99638 19 26 13 -40 60 -24 1
99639 20 26 13 -38 60 -24 1
99640 21 26 13 -36 60 -24 1
99641 22 26 13 -34 60 -24 1
99714 16 27 13 -46 58 -24 1
99715 17 27 13 -44 58 -24 1
99716 18 27 13 -42 58 -24 1
99717 19 27 13 -40 58 -24 1
99718 20 27 13 -38 58 -24 1
99719 21 27 13 -36 58 -24 1
99720 22 27 13 -34 58 -24 1
99793 16 28 13 -46 56 -24 1
99794 17 28 13 -44 56 -24 1
99795 18 28 13 -42 56 -24 1
99796 19 28 13 -40 56 -24 1
99797 20 28 13 -38 56 -24 1
99798 21 28 13 -36 56 -24 1
99799 22 28 13 -34 56 -24 1
99800 23 28 13 -32 56 -24 1
99872 16 29 13 -46 54 -24 1
99873 17 29 13 -44 54 -24 1
99874 18 29 13 -42 54 -24 1
99875 19 29 13 -40 54 -24 1
99876 20 29 13 -38 54 -24 1
99877 21 29 13 -36 54 -24 1
99878 22 29 13 -34 54 -24 1
99879 23 29 13 -32 54 -24 1
99950 15 30 13 -48 52 -24 1
99951 16 30 13 -46 52 -24 1
99952 17 30 13 -44 52 -24 1
99953 18 30 13 -42 52 -24 1
99954 19 30 13 -40 52 -24 1
99955 20 30 13 -38 52 -24 1
99956 21 30 13 -36 52 -24 1
99957 22 30 13 -34 52 -24 1
99958 23 30 13 -32 52 -24 1
100029 15 31 13 -48 50 -24 1
100030 16 31 13 -46 50 -24 1
100031 17 31 13 -44 50 -24 1
100032 18 31 13 -42 50 -24 1
100033 19 31 13 -40 50 -24 1
100034 20 31 13 -38 50 -24 1
100035 21 31 13 -36 50 -24 1
100036 22 31 13 -34 50 -24 1
100037 23 31 13 -32 50 -24 1
100107 14 32 13 -50 48 -24 1
100108 15 32 13 -48 48 -24 1
100109 16 32 13 -46 48 -24 1
100110 17 32 13 -44 48 -24 1
100111 18 32 13 -42 48 -24 1
100112 19 32 13 -40 48 -24 1
100113 20 32 13 -38 48 -24 1
100114 21 32 13 -36 48 -24 1
100115 22 32 13 -34 48 -24 1
100116 23 32 13 -32 48 -24 1
100187 15 33 13 -48 46 -24 1
100188 16 33 13 -46 46 -24 1
100189 17 33 13 -44 46 -24 1
100190 18 33 13 -42 46 -24 1
100191 19 33 13 -40 46 -24 1
100192 20 33 13 -38 46 -24 1
100193 21 33 13 -36 46 -24 1
100194 22 33 13 -34 46 -24 1
100195 23 33 13 -32 46 -24 1
100196 24 33 13 -30 46 -24 1
100266 15 34 13 -48 44 -24 1
100267 16 34 13 -46 44 -24 1
100268 17 34 13 -44 44 -24 1
100269 18 34 13 -42 44 -24 1
100270 19 34 13 -40 44 -24 1
100271 20 34 13 -38 44 -24 1
100272 21 34 13 -36 44 -24 1
100273 22 34 13 -34 44 -24 1
100274 23 34 13 -32 44 -24 1
100275 24 34 13 -30 44 -24 1
100345 15 35 13 -48 42 -24 1
100346 16 35 13 -46 42 -24 1
100347 17 35 13 -44 42 -24 1
100348 18 35 13 -42 42 -24 1
100349 19 35 13 -40 42 -24 1
100350 20 35 13 -38 42 -24 1
100351 21 35 13 -36 42 -24 1
100352 22 35 13 -34 42 -24 1
100353 23 35 13 -32 42 -24 1
100354 24 35 13 -30 42 -24 1
100425 16 36 13 -46 40 -24 1
100426 17 36 13 -44 40 -24 1
100427 18 36 13 -42 40 -24 1
100428 19 36 13 -40 40 -24 1
100429 20 36 13 -38 40 -24 1
100430 21 36 13 -36 40 -24 1
100431 22 36 13 -34 40 -24 1
100432 23 36 13 -32 40 -24 1
100505 17 37 13 -44 38 -24 1
100506 18 37 13 -42 38 -24 1
100507 19 37 13 -40 38 -24 1
100508 20 37 13 -38 38 -24 1
100509 21 37 13 -36 38 -24 1
100510 22 37 13 -34 38 -24 1
100511 23 37 13 -32 38 -24 1
100585 18 38 13 -42 36 -24 1
100586 19 38 13 -40 36 -24 1
100587 20 38 13 -38 36 -24 1
100588 21 38 13 -36 36 -24 1
100589 22 38 13 -34 36 -24 1
100666 20 39 13 -38 34 -24 1
100667 21 39 13 -36 34 -24 1
107062 17 25 14 -44 62 -22 1
107063 18 25 14 -42 62 -22 1
107064 19 25 14 -40 62 -22 1
107065 20 25 14 -38 62 -22 1
107066 21 25 14 -36 62 -22 1
107067 22 25 14 -34 62 -22 1
107141 17 26 14 -44 60 -22 1
107142 18 26 14 -42 60 -22 1
107143 19 26 14 -40 60 -22 1
107144 20 26 14 -38 60 -22 1
107145 21 26 14 -36 60 -22 1
107146 22 26 14 -34 60 -22 1
107219 16 27 14 -46 58 -22 1
107220 17 27 14 -44 58 -22 1
107221 18 27 14 -42 58 -22 1
107222 19 27 14 -40 58 -22 1
107223 20 27 14 -38 58 -22 1
107224 21 27 14 -36 58 -22 1
107225 22 27 14 -34 58 -22 1
107298 16 28 14 -46 56 -22 1
107299 17 28 14 -44 56 -22 1
107300 18 28 14 -42 56 -22 1
107301 19 28 14 -40 56 -22 1
107302 20 28 14 -38 56 -22 1
107303 21 28 14 -36 56 -22 1
107304 22 28 14 -34 56 -22 1
107305 23 28 14 -32 56 -22 1
107377 16 29 14 -46 54 -22 1
107378 17 29 14 -44 54 -22 1
107379 18 29 14 -42 54 -22 1
107380 19 29 14 -40 54 -22 1
107381 20 29 14 -38 54 -22 1
107382 21 29 14 -36 54 -22 1
107383 22 29 14 -34 54 -22 1
107384 23 29 14 -32 54 -22 1
107455 15 30 14 -48 52 -22 1
107456 16 30 14 -46 52 -22 1
107457 17 30 14 -44 52 -22 1
107458 18 30 14 -42 52 -22 1
107459 19 30 14 -40 52 -22 1
107460 20 30 14 -38 52 -22 1
107461 21 30 14 -36 52 -22 1
107462 22 30 14 -34 52 -22 1
107463 23 30 14 -32 52 -22 1
107534 15 31 14 -48 50 -22 1
107535 16 31 14 -46 50 -22 1
107536 17 31 14 -44 50 -22 1
107537 18 31 14 -42 50 -22 1
107538 19 31 14 -40 50 -22 1
107539 20 31 14 -38 50 -22 1
107540 21 31 14 -36 50 -22 1
107541 22 31 14 -34 50 -22 1
107542 23 31 14 -32 50 -22 1
107612 14 32 14 -50 48 -22 1
107613 15 32 14 -48 48 -22 1
107614 16 32 14 -46 48 -22 1
107615 17 32 14 -44 48 -22 1
107616 18 32 14 -42 48 -22 1
107617 19 32 14 -40 48 -22 1
107618 20 32 14 -38 48 -22 1
107619 21 32 14 -36 48 -22 1
107620 22 32 14 -34 48 -22 1
107621 23 32 14 -32 48 -22 1
107691 14 33 14 -50 46 -22 1
107692 15 33 14 -48 46 -22 1
107693 16 33 14 -46 46 -22 1
107694 17 33 14 -44 46 -22 1
107695 18 33 14 -42 46 -22 1
107696 19 33 14 -40 46 -22 1
107697 20 33 14 -38 46 -22 1
107698 21 33 14 -36 46 -22 1
107699 22 33 14 -34 46 -22 1
107700 23 33 14 -32 46 -22 1
107771 15 34 14 -48 44 -22 1
107772 16 34 14 -46 44 -22 1
107773 17 34 14 -44 44 -22 1
107774 18 34 14 -42 44 -22 1
107775 19 34 14 -40 44 -22 1
107776 20 34 14 -38 44 -22 1
107777 21 34 14 -36 44 -22 1
107778 22 34 14 -34 44 -22 1
107779 23 34 14 -32 44 -22 1
107780 24 34 14 -30 44 -22 1
107850 15 35 14 -48 42 -22 1
107851 16 35 14 -46 42 -22 1
107852 17 35 14 -44 42 -22 1
107853 18 35 14 -42 42 -22 1
107854 19 35 14 -40 42 -22 1
107855 20 35 14 -38 42 -22 1
107856 21 35 14 -36 42 -22 1
107857 22 35 14 -34 42 -22 1
107858 23 35 14 -32 42 -22 1
107930 16 36 14 -46 40 -22 1
107931 17 36 14 -44 40 -22 1
107932 18 36 14 -42 40 -22 1
107933 19 36 14 -40 40 -22 1
107934 20 36 14 -38 40 -22 1
107935 21 36 14 -36 40 -22 1
107936 22 36 14 -34 40 -22 1
107937 23 36 14 -32 40 -22 1
108009 16 37 14 -46 38 -22 1
108010 17 37 14 -44 38 -22 1
108011 18 37 14 -42 38 -22 1
108012 19 37 14 -40 38 -22 1
108013 20 37 14 -38 38 -22 1
108014 21 37 14 -36 38 -22 1
108015 22 37 14 -34 38 -22 1
108016 23 37 14 -32 38 -22 1
108090 18 38 14 -42 36 -22 1
108091 19 38 14 -40 36 -22 1
108092 20 38 14 -38 36 -22 1
108093 21 38 14 -36 36 -22 1
108094 22 38 14 -34 36 -22 1
108170 19 39 14 -40 34 -22 1
108171 20 39 14 -38 34 -22 1
108172 21 39 14 -36 34 -22 1
114567 17 25 15 -44 62 -20 1
114568 18 25 15 -42 62 -20 1
114569 19 25 15 -40 62 -20 1
114570 20 25 15 -38 62 -20 1
114571 21 25 15 -36 62 -20 1
114572 22 25 15 -34 62 -20 1
114646 17 26 15 -44 60 -20 1
114647 18 26 15 -42 60 -20 1
114648 19 26 15 -40 60 -20 1
114649 20 26 15 -38 60 -20 1
114650 21 26 15 -36 60 -20 1
114651 22 26 15 -34 60 -20 1
114725 17 27 15 -44 58 -20 1
114726 18 27 15 -42 58 -20 1
114727 19 27 15 -40 58 -20 1
114728 20 27 15 -38 58 -20 1
114729 21 27 15 -36 58 -20 1
114730 22 27 15 -34 58 -20 1
114803 16 28 15 -46 56 -20 1
114804 17 28 15 -44 56 -20 1
114805 18 28 15 -42 56 -20 1
114806 19 28 15 -40 56 -20 1
114807 20 28 15 -38 56 -20 1
114808 21 28 15 -36 56 -20 1
114809 22 28 15 -34 56 -20 1
114882 16 29 15 -46 54 -20 1
114883 17 29 15 -44 54 -20 1
114884 18 29 15 -42 54 -20 1
114885 19 29 15 -40 54 -20 1
114886 20 29 15 -38 54 -20 1
114887 21 29 15 -36 54 -20 1
114888 22 29 15 -34 54 -20 1
114889 23 29 15 -32 54 -20 1
114960 15 30 15 -48 52 -20 1
114961 16 30 15 -46 52 -20 1
114962 17 30 15 -44 52 -20 1
114963 18 30 15 -42 52 -20 1
114964 19 30 15 -40 52 -20 1
114965 20 30 15 -38 52 -20 1
114966 21 30 15 -36 52 -20 1
114967 22 30 15 -34 52 -20 1
114968 23 30 15 -32 52 -20 1
115039 15 31 15 -48 50 -20 1
115040 16 31 15 -46 50 -20 1
115041 17 31 15 -44 50 -20 1
115042 18 31 15 -42 50 -20 1
115043 19 31 15 -40 50 -20 1
115044 20 31 15 -38 50 -20 1
115045 21 31 15 -36 50 -20 1
115046 22 31 15 -34 50 -20 1
115047 23 31 15 -32 50 -20 1
115117 14 32 15 -50 48 -20 1
115118 15 32 15 -48 48 -20 1
115119 16 32 15 -46 48 -20 1
115120 17 32 15 -44 48 -20 1
115121 18 32 15 -42 48 -20 1
115122 19 32 15 -40 48 -20 1
115123 20 32 15 -38 48 -20 1
115124 21 32 15 -36 48 -20 1
115125 22 32 15 -34 48 -20 1
115126 23 32 15 -32 48 -20 1
115196 14 33 15 -50 46 -20 1
115197 15 33 15 -48 46 -20 1
115198 16 33 15 -46 46 -20 1
115199 17 33 15 -44 46 -20 1
115200 18 33 15 -42 46 -20 1
115201 19 33 15 -40 46 -20 1
115202 20 33 15 -38 46 -20 1
115203 21 33 15 -36 46 -20 1
115204 22 33 15 -34 46 -20 1
115205 23 33 15 -32 46 -20 1
115276 15 34 15 -48 44 -20 1
115277 16 34 15 -46 44 -20 1
115278 17 34 15 -44 44 -20 1
115279 18 34 15 -42 44 -20 1
115280 19 34 15 -40 44 -20 1
115281 20 34 15 -38 44 -20 1
115282 21 34 15 -36 44 -20 1
115283 22 34 15 -34 44 -20 1
115284 23 34 15 -32 44 -20 1
115355 15 35 15 -48 42 -20 1
115356 16 35 15 -46 42 -20 1
115357 17 35 15 -44 42 -20 1
115358 18 35 15 -42 42 -20 1
115359 19 35 15 -40 42 -20 1
115360 20 35 15 -38 42 -20 1
115361 21 35 15 -36 42 -20 1
115362 22 35 15 -34 42 -20 1
115363 23 35 15 -32 42 -20 1
115434 15 36 15 -48 40 -20 1
115435 16 36 15 -46 40 -20 1
115436 17 36 15 -44 40 -20 1
115437 18 36 15 -42 40 -20 1
115438 19 36 15 -40 40 -20 1
115439 20 36 15 -38 40 -20 1
115440 21 36 15 -36 40 -20 1
115441 22 36 15 -34 40 -20 1
115442 23 36 15 -32 40 -20 1
115514 16 37 15 -46 38 -20 1
115515 17 37 15 -44 38 -20 1
115516 18 37 15 -42 38 -20 1
115517 19 37 15 -40 38 -20 1
115518 20 37 15 -38 38 -20 1
115519 21 37 15 -36 38 -20 1
115520 22 37 15 -34 38 -20 1
115521 23 37 15 -32 38 -20 1
115594 17 38 15 -44 36 -20 1
115595 18 38 15 -42 36 -20 1
115596 19 38 15 -40 36 -20 1
115597 20 38 15 -38 36 -20 1
115598 21 38 15 -36 36 -20 1
115599 22 38 15 -34 36 -20 1
115675 19 39 15 -40 34 -20 1
115676 20 39 15 -38 34 -20 1
115677 21 39 15 -36 34 -20 1
122072 17 25 16 -44 62 -18 1
122073 18 25 16 -42 62 -18 1
122074 19 25 16 -40 62 -18 1
122075 20 25 16 -38 62 -18 1
122076 21 25 16 -36 62 -18 1
122151 17 26 16 -44 60 -18 1
122152 18 26 16 -42 60 -18 1
122153 19 26 16 -40 60 -18 1
122154 20 26 16 -38 60 -18 1
122155 21 26 16 -36 60 -18 1
122230 17 27 16 -44 58 -18 1
122231 18 27 16 -42 58 -18 1
122232 19 27 16 -40 58 -18 1
122233 20 27 16 -38 58 -18 1
122234 21 27 16 -36 58 -18 1
122235 22 27 16 -34 58 -18 1
122309 17 28 16 -44 56 -18 1
122310 18 28 16 -42 56 -18 1
122311 19 28 16 -40 56 -18 1
122312 20 28 16 -38 56 -18 1
122313 21 28 16 -36 56 -18 1
122314 22 28 16 -34 56 -18 1
122387 16 29 16 -46 54 -18 1
122388 17 29 16 -44 54 -18 1
122389 18 29 16 -42 54 -18 1
122390 19 29 16 -40 54 -18 1
122391 20 29 16 -38 54 -18 1
122392 21 29 16 -36 54 -18 1
122393 22 29 16 -34 54 -18 1
122466 16 30 16 -46 52 -18 1
122467 17 30 16 -44 52 -18 1
122468 18 30 16 -42 52 -18 1
122469 19 30 16 -40 52 -18 1
122470 20 30 16 -38 52 -18 1
122471 21 30 16 -36 52 -18 1
122472 22 30 16 -34 52 -18 1
122544 15 31 16 -48 50 -18 1
122545 16 31 16 -46 50 -18 1
122546 17 31 16 -44 50 -18 1
122547 18 31 16 -42 50 -18 1
122548 19 31 16 -40 50 -18 1
122549 20 31 16 -38 50 -18 1
122550 21 31 16 -36 50 -18 1
122551 22 31 16 -34 50 -18 1
122623 15 32 16 -48 48 -18 1
122624 16 32 16 -46 48 -18 1
122625 17 32 16 -44 48 -18 1
122626 18 32 16 -42 48 -18 1
122627 19 32 16 -40 48 -18 1
122628 20 32 16 -38 48 -18 1
122629 21 32 16 -36 48 -18 1
122630 22 32 16 -34 48 -18 1
122631 23 32 16 -32 48 -18 1
122702 15 33 16 -48 46 -18 1
122703 16 33 16 -46 46 -18 1
122704 17 33 16 -44 46 -18 1
122705 18 33 16 -42 46 -18 1
122706 19 33 16 -40 46 -18 1
122707 20 33 16 -38 46 -18 1
122708 21 33 16 -36 46 -18 1
122709 22 33 16 -34 46 -18 1
122710 23 33 16 -32 46 -18 1
122781 15 34 16 -48 44 -18 1
122782 16 34 16 -46 44 -18 1
122783 17 34 16 -44 44 -18 1
122784 18 34 16 -42 44 -18 1
122785 19 34 16 -40 44 -18 1
122786 20 34 16 -38 44 -18 1
122787 21 34 16 -36 44 -18 1
122788 22 34 16 -34 44 -18 1
122789 23 34 16 -32 44 -18 1
122860 15 35 16 -48 42 -18 1
122861 16 35 16 -46 42 -18 1
122862 17 35 16 -44 42 -18 1
122863 18 35 16 -42 42 -18 1
122864 19 35 16 -40 42 -18 1
122865 20 35 16 -38 42 -18 1
122866 21 35 16 -36 42 -18 1
122867 22 35 16 -34 42 -18 1
122868 23 35 16 -32 42 -18 1
122940 16 36 16 -46 40 -18 1
122941 17 36 16 -44 40 -18 1
122942 18 36 16 -42 40 -18 1
122943 19 36 16 -40 40 -18 1
122944 20 36 16 -38 40 -18 1
122945 21 36 16 -36 40 -18 1
122946 22 36 16 -34 40 -18 1
122947 23 36 16 -32 40 -18 1
123019 16 37 16 -46 38 -18 1
123020 17 37 16 -44 38 -18 1
123021 18 37 16 -42 38 -18 1
123022 19 37 16 -40 38 -18 1
123023 20 37 16 -38 38 -18 1
123024 21 37 16 -36 38 -18 1
123025 22 37 16 -34 38 -18 1
123099 17 38 16 -44 36 -18 1
123100 18 38 16 -42 36 -18 1
123101 19 38 16 -40 36 -18 1
123102 20 38 16 -38 36 -18 1
123103 21 38 16 -36 36 -18 1
123104 22 38 16 -34 36 -18 1
123180 19 39 16 -40 34 -18 1
123181 20 39 16 -38 34 -18 1
123182 21 39 16 -36 34 -18 1
129657 18 26 17 -42 60 -16 1
129658 19 26 17 -40 60 -16 1
129659 20 26 17 -38 60 -16 1
129660 21 26 17 -36 60 -16 1
129736 18 27 17 -42 58 -16 1
129737 19 27 17 -40 58 -16 1
129738 20 27 17 -38 58 -16 1
129739 21 27 17 -36 58 -16 1
129815 18 28 17 -42 56 -16 1
129816 19 28 17 -40 56 -16 1
129817 20 28 17 -38 56 -16 1
129818 21 28 17 -36 56 -16 1
129893 17 29 17 -44 54 -16 1
129894 18 29 17 -42 54 -16 1
129895 19 29 17 -40 54 -16 1
129896 20 29 17 -38 54 -16 1
129897 21 29 17 -36 54 -16 1
129898 22 29 17 -34 54 -16 1
129971 16 30 17 -46 52 -16 1
129972 17 30 17 -44 52 -16 1
129973 18 30 17 -42 52 -16 1
129974 19 30 17 -40 52 -16 1
129975 20 30 17 -38 52 -16 1
129976 21 30 17 -36 52 -16 1
129977 22 30 17 -34 52 -16 1
130049 15 31 17 -48 50 -16 1
130050 16 31 17 -46 50 -16 1
130051 17 31 17 -44 50 -16 1
130052 18 31 17 -42 50 -16 1
130053 19 31 17 -40 50 -16 1
130054 20 31 17 -38 50 -16 1
130055 21 31 17 -36 50 -16 1
130056 22 31 17 -34 50 -16 1
130128 15 32 17 -48 48 -16 1
130129 16 32 17 -46 48 -16 1
130130 17 32 17 -44 48 -16 1
130131 18 32 17 -42 48 -16 1
130132 19 32 17 -40 48 -16 1
130133 20 32 17 -38 48 -16 1
130134 21 32 17 -36 48 -16 1
130135 22 32 17 -34 48 -16 1
130207 15 33 17 -48 46 -16 1
130208 16 33 17 -46 46 -16 1
130209 17 33 17 -44 46 -16 1
130210 18 33 17 -42 46 -16 1
130211 19 33 17 -40 46 -16 1
130212 20 33 17 -38 46 -16 1
130213 21 33 17 -36 46 -16 1
130214 22 33 17 -34 46 -16 1
130286 15 34 17 -48 44 -16 1
130287 16 34 17 -46 44 -16 1
130288 17 34 17 -44 44 -16 1
130289 18 34 17 -42 44 -16 1
130290 19 34 17 -40 44 -16 1
130291 20 34 17 -38 44 -16 1
130292 21 34 17 -36 44 -16 1
130293 22 34 17 -34 44 -16 1
130365 15 35 17 -48 42 -16 1
130366 16 35 17 -46 42 -16 1
130367 17 35 17 -44 42 -16 1
130368 18 35 17 -42 42 -16 1
130369 19 35 17 -40 42 -16 1
130370 20 35 17 -38 42 -16 1
130371 21 35 17 -36 42 -16 1
130372 22 35 17 -34 42 -16 1
130445 16 36 17 -46 40 -16 1
130446 17 36 17 -44 40 -16 1
130447 18 36 17 -42 40 -16 1
130448 19 36 17 -40 40 -16 1
130449 20 36 17 -38 40 -16 1
130450 21 36 17 -36 40 -16 1
130451 22 36 17 -34 40 -16 1
130525 17 37 17 -44 38 -16 1
130526 18 37 17 -42 38 -16 1
130527 19 37 17 -40 38 -16 1
130528 20 37 17 -38 38 -16 1
130529 21 37 17 -36 38 -16 1
130605 18 38 17 -42 36 -16 1
130606 19 38 17 -40 36 -16 1
130607 20 38 17 -38 36 -16 1
130608 21 38 17 -36 36 -16 1
137163 19 26 18 -40 60 -14 1
137164 20 26 18 -38 60 -14 1
137242 19 27 18 -40 58 -14 1
137243 20 27 18 -38 58 -14 1
137321 19 28 18 -40 56 -14 1
137322 20 28 18 -38 56 -14 1
137323 21 28 18 -36 56 -14 1
137399 18 29 18 -42 54 -14 1
137400 19 29 18 -40 54 -14 1
137401 20 29 18 -38 54 -14 1
137402 21 29 18 -36 54 -14 1
137477 17 30 18 -44 52 -14 1
137478 18 30 18 -42 52 -14 1
137479 19 30 18 -40 52 -14 1
137480 20 30 18 -38 52 -14 1
137481 21 30 18 -36 52 -14 1
137482 22 30 18 -34 52 -14 1
137555 16 31 18 -46 50 -14 1
137556 17 31 18 -44 50 -14 1
137557 18 31 18 -42 50 -14 1
137558 19 31 18 -40 50 -14 1
137559 20 31 18 -38 50 -14 1
137560 21 31 18 -36 50 -14 1
137561 22 31 18 -34 50 -14 1
137634 16 32 18 -46 48 -14 1
137635 17 32 18 -44 48 -14 1
137636 18 32 18 -42 48 -14 1
137637 19 32 18 -40 48 -14 1
137638 20 32 18 -38 48 -14 1
137639 21 32 18 -36 48 -14 1
137640 22 32 18 -34 48 -14 1
137712 15 33 18 -48 46 -14 1
137713 16 33 18 -46 46 -14 1
137714 17 33 18 -44 46 -14 1
137715 18 33 18 -42 46 -14 1
137716 19 33 18 -40 46 -14 1
137717 20 33 18 -38 46 -14 1
137718 21 33 18 -36 46 -14 1
137719 22 33 18 -34 46 -14 1
137792 16 34 18 -46 44 -14 1
137793 17 34 18 -44 44 -14 1
137794 18 34 18 -42 44 -14 1
137795 19 34 18 -40 44 -14 1
137796 20 34 18 -38 44 -14 1
137797 21 34 18 -36 44 -14 1
137798 22 34 18 -34 44 -14 1
137871 16 35 18 -46 42 -14 1
137872 17 35 18 -44 42 -14 1
137873 18 35 18 -42 42 -14 1
137874 19 35 18 -40 42 -14 1
137875 20 35 18 -38 42 -14 1
137876 21 35 18 -36 42 -14 1
137877 22 35 18 -34 42 -14 1
137950 16 36 18 -46 40 -14 1
137951 17 36 18 -44 40 -14 1
137952 18 36 18 -42 40 -14 1
137953 19 36 18 -40 40 -14 1
137954 20 36 18 -38 40 -14 1
137955 21 36 18 -36 40 -14 1
138030 17 37 18 -44 38 -14 1
138031 18 37 18 -42 38 -14 1
138032 19 37 18 -40 38 -14 1
138033 20 37 18 -38 38 -14 1
144905 19 29 19 -40 54 -12 1
144906 20 29 19 -38 54 -12 1
144983 18 30 19 -42 52 -12 1
144984 19 30 19 -40 52 -12 1
144985 20 30 19 -38 52 -12 1
144986 21 30 19 -36 52 -12 1
145061 17 31 19 -44 50 -12 1
145062 18 31 19 -42 50 -12 1
145063 19 31 19 -40 50 -12 1
145064 20 31 19 -38 50 -12 1
145065 21 31 19 -36 50 -12 1
145066 22 31 19 -34 50 -12 1
145139 16 32 19 -46 48 -12 1
145140 17 32 19 -44 48 -12 1
145141 18 32 19 -42 48 -12 1
145142 19 32 19 -40 48 -12 1
145143 20 32 19 -38 48 -12 1
145144 21 32 19 -36 48 -12 1
145145 22 32 19 -34 48 -12 1
145218 16 33 19 -46 46 -12 1
145219 17 33 19 -44 46 -12 1
145220 18 33 19 -42 46 -12 1
145221 19 33 19 -40 46 -12 1
145222 20 33 19 -38 46 -12 1
145223 21 33 19 -36 46 -12 1
145224 22 33 19 -34 46 -12 1
145297 16 34 19 -46 44 -12 1
145298 17 34 19 -44 44 -12 1
145299 18 34 19 -42 44 -12 1
145300 19 34 19 -40 44 -12 1
145301 20 34 19 -38 44 -12 1
145302 21 34 19 -36 44 -12 1
145376 16 35 19 -46 42 -12 1
145377 17 35 19 -44 42 -12 1
145378 18 35 19 -42 42 -12 1
145379 19 35 19 -40 42 -12 1
145380 20 35 19 -38 42 -12 1
145381 21 35 19 -36 42 -12 1
145456 17 36 19 -44 40 -12 1
145457 18 36 19 -42 40 -12 1
145458 19 36 19 -40 40 -12 1
145459 20 36 19 -38 40 -12 1
152489 19 30 20 -40 52 -10 1
152490 20 30 20 -38 52 -10 1
152491 21 30 20 -36 52 -10 1
152566 17 31 20 -44 50 -10 1
152567 18 31 20 -42 50 -10 1
152568 19 31 20 -40 50 -10 1
152569 20 31 20 -38 50 -10 1
152570 21 31 20 -36 50 -10 1
152645 17 32 20 -44 48 -10 1
152646 18 32 20 -42 48 -10 1
152647 19 32 20 -40 48 -10 1
152648 20 32 20 -38 48 -10 1
152649 21 32 20 -36 48 -10 1
152725 18 33 20 -42 46 -10 1
152726 19 33 20 -40 46 -10 1
152727 20 33 20 -38 46 -10 1
152728 21 33 20 -36 46 -10 1
152804 18 34 20 -42 44 -10 1
152805 19 34 20 -40 44 -10 1
152806 20 34 20 -38 44 -10 1
152807 21 34 20 -36 44 -10 1
152884 19 35 20 -40 42 -10 1
152885 20 35 20 -38 42 -10 1
160073 19 31 21 -40 50 -8 1
160074 20 31 21 -38 50 -8 1
160152 19 32 21 -40 48 -8 1
160153 20 32 21 -38 48 -8 1
160154 21 32 21 -36 48 -8 1
160232 20 33 21 -38 46 -8 1
