69380 18 23 9 -42 66 -32 1
76648 18 20 10 -42 72 -30 1
76649 19 20 10 -40 72 -30 1
76650 20 20 10 -38 72 -30 1
76727 18 21 10 -42 70 -30 1
76728 19 21 10 -40 70 -30 1
76729 20 21 10 -38 70 -30 1
76805 17 22 10 -44 68 -30 1
76806 18 22 10 -42 68 -30 1
76807 19 22 10 -40 68 -30 1
76808 20 22 10 -38 68 -30 1
76884 17 23 10 -44 66 -30 1
76885 18 23 10 -42 66 -30 1
76886 19 23 10 -40 66 -30 1
76887 20 23 10 -38 66 -30 1
84075 19 19 11 -40 74 -28 1
84076 20 19 11 -38 74 -28 1
84077 21 19 11 -36 74 -28 1
84153 18 20 11 -42 72 -28 1
84154 19 20 11 -40 72 -28 1
84155 20 20 11 -38 72 -28 1
84156 21 20 11 -36 72 -28 1
84231 17 21 11 -44 70 -28 1
84232 18 21 11 -42 70 -28 1
84233 19 21 11 -40 70 -28 1
84234 20 21 11 -38 70 -28 1
84235 21 21 11 -36 70 -28 1
84310 17 22 11 -44 68 -28 1
84311 18 22 11 -42 68 -28 1
84312 19 22 11 -40 68 -28 1
84313 20 22 11 -38 68 -28 1
84314 21 22 11 -36 68 -28 1
84389 17 23 11 -44 66 -28 1
84390 18 23 11 -42 66 -28 1
84391 19 23 11 -40 66 -28 1
84392 20 23 11 -38 66 -28 1
84393 21 23 11 -36 66 -28 1
91501 19 18 12 -40 76 -26 1
91502 20 18 12 -38 76 -26 1
91503 21 18 12 -36 76 -26 1
91504 22 18 12 -34 76 -26 1
91579 18 19 12 -42 74 -26 1
91580 19 19 12 -40 74 -26 1
91581 20 19 12 -38 74 -26 1
91582 21 19 12 -36 74 -26 1
91583 22 19 12 -34 74 -26 1
91658 18 20 12 -42 72 -26 1
91659 19 20 12 -40 72 -26 1
91660 20 20 12 -38 72 -26 1
91661 21 20 12 -36 72 -26 1
91662 22 20 12 -34 72 -26 1
91736 17 21 12 -44 70 -26 1
91737 18 21 12 -42 70 -26 1
91738 19 21 12 -40 70 -26 1
91739 20 21 12 -38 70 -26 1
91740 21 21 12 -36 70 -26 1
91741 22 21 12 -34 70 -26 1
91815 17 22 12 -44 68 -26 1
91816 18 22 12 -42 68 -26 1
91817 19 22 12 -40 68 -26 1
91818 20 22 12 -38 68 -26 1
91819 21 22 12 -36 68 -26 1
91820 22 22 12 -34 68 -26 1
91894 17 23 12 -44 66 -26 1
91895 18 23 12 -42 66 -26 1
91896 19 23 12 -40 66 -26 1
91897 20 23 12 -38 66 -26 1
91898 21 23 12 -36 66 -26 1
91899 22 23 12 -34 66 -26 1
98928 20 17 13 -38 78 -24 1
98929 21 17 13 -36 78 -24 1
98930 22 17 13 -34 78 -24 1
98931 23 17 13 -32 78 -24 1
99006 19 18 13 -40 76 -24 1
99007 20 18 13 -38 76 -24 1
99008 21 18 13 -36 76 -24 1
99009 22 18 13 -34 76 -24 1
99010 23 18 13 -32 76 -24 1
99084 18 19 13 -42 74 -24 1
99085 19 19 13 -40 74 -24 1
99086 20 19 13 -38 74 -24 1
99087 21 19 13 -36 74 -24 1
99088 22 19 13 -34 74 -24 1
99089 23 19 13 -32 74 -24 1
99162 17 20 13 -44 72 -24 1
99163 18 20 13 -42 72 -24 1
99164 19 20 13 -40 72 -24 1
99165 20 20 13 -38 72 -24 1
99166 21 20 13 -36 72 -24 1
99167 22 20 13 -34 72 -24 1
99168 23 20 13 -32 72 -24 1
99241 17 21 13 -44 70 -24 1
99242 18 21 13 -42 70 -24 1
99243 19 21 13 -40 70 -24 1
99244 20 21 13 -38 70 -24 1
99245 21 21 13 -36 70 -24 1
99246 22 21 13 -34 70 -24 1
99320 17 22 13 -44 68 -24 1
99321 18 22 13 -42 68 -24 1
99322 19 22 13 -40 68 -24 1
99323 20 22 13 -38 68 -24 1
99324 21 22 13 -36 68 -24 1
99325 22 22 13 -34 68 -24 1
99399 17 23 13 -44 66 -24 1
99400 18 23 13 -42 66 -24 1
99401 19 23 13 -40 66 -24 1
99402 20 23 13 -38 66 -24 1
99403 21 23 13 -36 66 -24 1
99404 22 23 13 -34 66 -24 1
106277 22 15 14 -34 82 -22 1
106354 20 16 14 -38 80 -22 1
106355 21 16 14 -36 80 -22 1
106356 22 16 14 -34 80 -22 1
106357 23 16 14 -32 80 -22 1
106432 19 17 14 -40 78 -22 1
106433 20 17 14 -38 78 -22 1
106434 21 17 14 -36 78 -22 1
106435 22 17 14 -34 78 -22 1
106436 23 17 14 -32 78 -22 1
106510 18 18 14 -42 76 -22 1
106511 19 18 14 -40 76 -22 1
106512 20 18 14 -38 76 -22 1
106513 21 18 14 -36 76 -22 1
106514 22 18 14 -34 76 -22 1
106515 23 18 14 -32 76 -22 1
106589 18 19 14 -42 74 -22 1
106590 19 19 14 -40 74 -22 1
106591 20 19 14 -38 74 -22 1
106592 21 19 14 -36 74 -22 1
106593 22 19 14 -34 74 -22 1
106594 23 19 14 -32 74 -22 1
106667 17 20 14 -44 72 -22 1
106668 18 20 14 -42 72 -22 1
106669 19 20 14 -40 72 -22 1
106670 20 20 14 -38 72 -22 1
106671 21 20 14 -36 72 -22 1
106672 22 20 14 -34 72 -22 1
106673 23 20 14 -32 72 -22 1
106746 17 21 14 -44 70 -22 1
106747 18 21 14 -42 70 -22 1
106748 19 21 14 -40 70 -22 1
106749 20 21 14 -38 70 -22 1
106750 21 21 14 -36 70 -22 1
106751 22 21 14 -34 70 -22 1
106752 23 21 14 -32 70 -22 1
106825 17 22 14 -44 68 -22 1
106826 18 22 14 -42 68 -22 1
106827 19 22 14 -40 68 -22 1
106828 20 22 14 -38 68 -22 1
106829 21 22 14 -36 68 -22 1
106830 22 22 14 -34 68 -22 1
106904 17 23 14 -44 66 -22 1
106905 18 23 14 -42 66 -22 1
106906 19 23 14 -40 66 -22 1
106907 20 23 14 -38 66 -22 1
106908 21 23 14 -36 66 -22 1
106909 22 23 14 -34 66 -22 1
113780 20 15 15 -38 82 -20 1
113781 21 15 15 -36 82 -20 1
113782 22 15 15 -34 82 -20 1
113783 23 15 15 -32 82 -20 1
113858 19 16 15 -40 80 -20 1
113859 20 16 15 -38 80 -20 1
113860 21 16 15 -36 80 -20 1
113861 22 16 15 -34 80 -20 1
113862 23 16 15 -32 80 -20 1
113863 24 16 15 -30 80 -20 1
113936 18 17 15 -42 78 -20 1
113937 19 17 15 -40 78 -20 1
113938 20 17 15 -38 78 -20 1
113939 21 17 15 -36 78 -20 1
113940 22 17 15 -34 78 -20 1
113941 23 17 15 -32 78 -20 1
113942 24 17 15 -30 78 -20 1
114015 18 18 15 -42 76 -20 1
114016 19 18 15 -40 76 -20 1
114017 20 18 15 -38 76 -20 1
114018 21 18 15 -36 76 -20 1
114019 22 18 15 -34 76 -20 1
114020 23 18 15 -32 76 -20 1
114021 24 18 15 -30 76 -20 1
114093 17 19 15 -44 74 -20 1
114094 18 19 15 -42 74 -20 1
114095 19 19 15 -40 74 -20 1
114096 20 19 15 -38 74 -20 1
114097 21 19 15 -36 74 -20 1
114098 22 19 15 -34 74 -20 1
114099 23 19 15 -32 74 -20 1
114100 24 19 15 -30 74 -20 1
114172 17 20 15 -44 72 -20 1
114173 18 20 15 -42 72 -20 1
114174 19 20 15 -40 72 -20 1
114175 20 20 15 -38 72 -20 1
114176 21 20 15 -36 72 -20 1
114177 22 20 15 -34 72 -20 1
114178 23 20 15 -32 72 -20 1
114251 17 21 15 -44 70 -20 1
114252 18 21 15 -42 70 -20 1
114253 19 21 15 -40 70 -20 1
114254 20 21 15 -38 70 -20 1
114255 21 21 15 -36 70 -20 1
114256 22 21 15 -34 70 -20 1
114257 23 21 15 -32 70 -20 1
114330 17 22 15 -44 68 -20 1
114331 18 22 15 -42 68 -20 1
114332 19 22 15 -40 68 -20 1
114333 20 22 15 -38 68 -20 1
114334 21 22 15 -36 68 -20 1
114335 22 22 15 -34 68 -20 1
114336 23 22 15 -32 68 -20 1
114409 17 23 15 -44 66 -20 1
114410 18 23 15 -42 66 -20 1
114411 19 23 15 -40 66 -20 1
114412 20 23 15 -38 66 -20 1
114413 21 23 15 -36 66 -20 1
114414 22 23 15 -34 66 -20 1
121207 21 14 16 -36 84 -18 1
121208 22 14 16 -34 84 -18 1
121209 23 14 16 -32 84 -18 1
121284 19 15 16 -40 82 -18 1
121285 20 15 16 -38 82 -18 1
121286 21 15 16 -36 82 -18 1
121287 22 15 16 -34 82 -18 1
121288 23 15 16 -32 82 -18 1
121362 18 16 16 -42 80 -18 1
121363 19 16 16 -40 80 -18 1
121364 20 16 16 -38 80 -18 1
121365 21 16 16 -36 80 -18 1
121366 22 16 16 -34 80 -18 1
121367 23 16 16 -32 80 -18 1
121368 24 16 16 -30 80 -18 1
121440 17 17 16 -44 78 -18 1
121441 18 17 16 -42 78 -18 1
121442 19 17 16 -40 78 -18 1
121443 20 17 16 -38 78 -18 1
121444 21 17 16 -36 78 -18 1
121445 22 17 16 -34 78 -18 1
121446 23 17 16 -32 78 -18 1
121447 24 17 16 -30 78 -18 1
121519 17 18 16 -44 76 -18 1
121520 18 18 16 -42 76 -18 1
121521 19 18 16 -40 76 -18 1
121522 20 18 16 -38 76 -18 1
121523 21 18 16 -36 76 -18 1
121524 22 18 16 -34 76 -18 1
121525 23 18 16 -32 76 -18 1
121526 24 18 16 -30 76 -18 1
121597 16 19 16 -46 74 -18 1
121598 17 19 16 -44 74 -18 1
121599 18 19 16 -42 74 -18 1
121600 19 19 16 -40 74 -18 1
121601 20 19 16 -38 74 -18 1
121602 21 19 16 -36 74 -18 1
121603 22 19 16 -34 74 -18 1
121604 23 19 16 -32 74 -18 1
121605 24 19 16 -30 74 -18 1
121676 16 20 16 -46 72 -18 1
121677 17 20 16 -44 72 -18 1
121678 18 20 16 -42 72 -18 1
121679 19 20 16 -40 72 -18 1
121680 20 20 16 -38 72 -18 1
121681 21 20 16 -36 72 -18 1
121682 22 20 16 -34 72 -18 1
121683 23 20 16 -32 72 -18 1
121755 16 21 16 -46 70 -18 1
121756 17 21 16 -44 70 -18 1
121757 18 21 16 -42 70 -18 1
121758 19 21 16 -40 70 -18 1
121759 20 21 16 -38 70 -18 1
121760 21 21 16 -36 70 -18 1
121761 22 21 16 -34 70 -18 1
121762 23 21 16 -32 70 -18 1
121835 17 22 16 -44 68 -18 1
121836 18 22 16 -42 68 -18 1
121837 19 22 16 -40 68 -18 1
121838 20 22 16 -38 68 -18 1
121839 21 22 16 -36 68 -18 1
121840 22 22 16 -34 68 -18 1
121914 17 23 16 -44 66 -18 1
121915 18 23 16 -42 66 -18 1
121916 19 23 16 -40 66 -18 1
121917 20 23 16 -38 66 -18 1
121918 21 23 16 -36 66 -18 1
121919 22 23 16 -34 66 -18 1
128711 20 14 17 -38 84 -16 1
128712 21 14 17 -36 84 -16 1
128713 22 14 17 -34 84 -16 1
128714 23 14 17 -32 84 -16 1
128788 18 15 17 -42 82 -16 1
128789 19 15 17 -40 82 -16 1
128790 20 15 17 -38 82 -16 1
128791 21 15 17 -36 82 -16 1
128792 22 15 17 -34 82 -16 1
128793 23 15 17 -32 82 -16 1
128866 17 16 17 -44 80 -16 1
128867 18 16 17 -42 80 -16 1
128868 19 16 17 -40 80 -16 1
128869 20 16 17 -38 80 -16 1
128870 21 16 17 -36 80 -16 1
128871 22 16 17 -34 80 -16 1
128872 23 16 17 -32 80 -16 1
128945 17 17 17 -44 78 -16 1
128946 18 17 17 -42 78 -16 1
128947 19 17 17 -40 78 -16 1
128948 20 17 17 -38 78 -16 1
128949 21 17 17 -36 78 -16 1
128950 22 17 17 -34 78 -16 1
128951 23 17 17 -32 78 -16 1
129023 16 18 17 -46 76 -16 1
129024 17 18 17 -44 76 -16 1
129025 18 18 17 -42 76 -16 1
129026 19 18 17 -40 76 -16 1
129027 20 18 17 -38 76 -16 1
129028 21 18 17 -36 76 -16 1
129029 22 18 17 -34 76 -16 1
129030 23 18 17 -32 76 -16 1
129102 16 19 17 -46 74 -16 1
129103 17 19 17 -44 74 -16 1
129104 18 19 17 -42 74 -16 1
129105 19 19 17 -40 74 -16 1
129106 20 19 17 -38 74 -16 1
129107 21 19 17 -36 74 -16 1
129108 22 19 17 -34 74 -16 1
129109 23 19 17 -32 74 -16 1
129181 16 20 17 -46 72 -16 1
129182 17 20 17 -44 72 -16 1
129183 18 20 17 -42 72 -16 1
129184 19 20 17 -40 72 -16 1
129185 20 20 17 -38 72 -16 1
129186 21 20 17 -36 72 -16 1
129187 22 20 17 -34 72 -16 1
129188 23 20 17 -32 72 -16 1
129260 16 21 17 -46 70 -16 1
129261 17 21 17 -44 70 -16 1
129262 18 21 17 -42 70 -16 1
129263 19 21 17 -40 70 -16 1
129264 20 21 17 -38 70 -16 1
129265 21 21 17 -36 70 -16 1
129266 22 21 17 -34 70 -16 1
129267 23 21 17 -32 70 -16 1
129339 16 22 17 -46 68 -16 1
129340 17 22 17 -44 68 -16 1
129341 18 22 17 -42 68 -16 1
129342 19 22 17 -40 68 -16 1
129343 20 22 17 -38 68 -16 1
129344 21 22 17 -36 68 -16 1
129345 22 22 17 -34 68 -16 1
129419 17 23 17 -44 66 -16 1
129420 18 23 17 -42 66 -16 1
129421 19 23 17 -40 66 -16 1
129422 20 23 17 -38 66 -16 1
129423 21 23 17 -36 66 -16 1
129424 22 23 17 -34 66 -16 1
136215 19 14 18 -40 84 -14 1
136216 20 14 18 -38 84 -14 1
136217 21 14 18 -36 84 -14 1
136218 22 14 18 -34 84 -14 1
136293 18 15 18 -42 82 -14 1
136294 19 15 18 -40 82 -14 1
136295 20 15 18 -38 82 -14 1
136296 21 15 18 -36 82 -14 1
136297 22 15 18 -34 82 -14 1
136298 23 15 18 -32 82 -14 1
136371 17 16 18 -44 80 -14 1
136372 18 16 18 -42 80 -14 1
136373 19 16 18 -40 80 -14 1
136374 20 16 18 -38 80 -14 1
136375 21 16 18 -36 80 -14 1
136376 22 16 18 -34 80 -14 1
136377 23 16 18 -32 80 -14 1
136449 16 17 18 -46 78 -14 1
136450 17 17 18 -44 78 -14 1
136451 18 17 18 -42 78 -14 1
136452 19 17 18 -40 78 -14 1
136453 20 17 18 -38 78 -14 1
136454 21 17 18 -36 78 -14 1
136455 22 17 18 -34 78 -14 1
136456 23 17 18 -32 78 -14 1
136527 15 18 18 -48 76 -14 1
136528 16 18 18 -46 76 -14 1
136529 17 18 18 -44 76 -14 1
136530 18 18 18 -42 76 -14 1
136531 19 18 18 -40 76 -14 1
136532 20 18 18 -38 76 -14 1
136533 21 18 18 -36 76 -14 1
136534 22 18 18 -34 76 -14 1
136535 23 18 18 -32 76 -14 1
136606 15 19 18 -48 74 -14 1
136607 16 19 18 -46 74 -14 1
136608 17 19 18 -44 74 -14 1
136609 18 19 18 -42 74 -14 1
136610 19 19 18 -40 74 -14 1
136611 20 19 18 -38 74 -14 1
136612 21 19 18 -36 74 -14 1
136613 22 19 18 -34 74 -14 1
136614 23 19 18 -32 74 -14 1
136685 15 20 18 -48 72 -14 1
136686 16 20 18 -46 72 -14 1
136687 17 20 18 -44 72 -14 1
136688 18 20 18 -42 72 -14 1
136689 19 20 18 -40 72 -14 1
136690 20 20 18 -38 72 -14 1
136691 21 20 18 -36 72 -14 1
136692 22 20 18 -34 72 -14 1
136693 23 20 18 -32 72 -14 1
136764 15 21 18 -48 70 -14 1
136765 16 21 18 -46 70 -14 1
136766 17 21 18 -44 70 -14 1
136767 18 21 18 -42 70 -14 1
136768 19 21 18 -40 70 -14 1
136769 20 21 18 -38 70 -14 1
136770 21 21 18 -36 70 -14 1
136771 22 21 18 -34 70 -14 1
136844 16 22 18 -46 68 -14 1
136845 17 22 18 -44 68 -14 1
136846 18 22 18 -42 68 -14 1
136847 19 22 18 -40 68 -14 1
136848 20 22 18 -38 68 -14 1
136849 21 22 18 -36 68 -14 1
136850 22 22 18 -34 68 -14 1
136924 17 23 18 -44 66 -14 1
136925 18 23 18 -42 66 -14 1
136926 19 23 18 -40 66 -14 1
136927 20 23 18 -38 66 -14 1
136928 21 23 18 -36 66 -14 1
137003 17 24 18 -44 64 -14 1
137004 18 24 18 -42 64 -14 1
137005 19 24 18 -40 64 -14 1
137006 20 24 18 -38 64 -14 1
137007 21 24 18 -36 64 -14 1
143719 18 14 19 -42 84 -12 1
143720 19 14 19 -40 84 -12 1
143721 20 14 19 -38 84 -12 1
143722 21 14 19 -36 84 -12 1
143797 17 15 19 -44 82 -12 1
143798 18 15 19 -42 82 -12 1
143799 19 15 19 -40 82 -12 1
143800 20 15 19 -38 82 -12 1
143801 21 15 19 -36 82 -12 1
143802 22 15 19 -34 82 -12 1
143875 16 16 19 -46 80 -12 1
143876 17 16 19 -44 80 -12 1
143877 18 16 19 -42 80 -12 1
143878 19 16 19 -40 80 -12 1
143879 20 16 19 -38 80 -12 1
143880 21 16 19 -36 80 -12 1
143881 22 16 19 -34 80 -12 1
143953 15 17 19 -48 78 -12 1
143954 16 17 19 -46 78 -12 1
143955 17 17 19 -44 78 -12 1
143956 18 17 19 -42 78 -12 1
143957 19 17 19 -40 78 -12 1
143958 20 17 19 -38 78 -12 1
143959 21 17 19 -36 78 -12 1
143960 22 17 19 -34 78 -12 1
143961 23 17 19 -32 78 -12 1
144032 15 18 19 -48 76 -12 1
144033 16 18 19 -46 76 -12 1
144034 17 18 19 -44 76 -12 1
144035 18 18 19 -42 76 -12 1
144036 19 18 19 -40 76 -12 1
144037 20 18 19 -38 76 -12 1
144038 21 18 19 -36 76 -12 1
144039 22 18 19 -34 76 -12 1
144040 23 18 19 -32 76 -12 1
144110 14 19 19 -50 74 -12 1
144111 15 19 19 -48 74 -12 1
144112 16 19 19 -46 74 -12 1
144113 17 19 19 -44 74 -12 1
144114 18 19 19 -42 74 -12 1
144115 19 19 19 -40 74 -12 1
144116 20 19 19 -38 74 -12 1
144117 21 19 19 -36 74 -12 1
144118 22 19 19 -34 74 -12 1
144119 23 19 19 -32 74 -12 1
144189 14 20 19 -50 72 -12 1
144190 15 20 19 -48 72 -12 1
144191 16 20 19 -46 72 -12 1
144192 17 20 19 -44 72 -12 1
144193 18 20 19 -42 72 -12 1
144194 19 20 19 -40 72 -12 1
144195 20 20 19 -38 72 -12 1
144196 21 20 19 -36 72 -12 1
144197 22 20 19 -34 72 -12 1
144198 23 20 19 -32 72 -12 1
144269 15 21 19 -48 70 -12 1
144270 16 21 19 -46 70 -12 1
144271 17 21 19 -44 70 -12 1
144272 18 21 19 -42 70 -12 1
144273 19 21 19 -40 70 -12 1
144274 20 21 19 -38 70 -12 1
144275 21 21 19 -36 70 -12 1
144276 22 21 19 -34 70 -12 1
144349 16 22 19 -46 68 -12 1
144350 17 22 19 -44 68 -12 1
144351 18 22 19 -42 68 -12 1
144352 19 22 19 -40 68 -12 1
144353 20 22 19 -38 68 -12 1
144354 21 22 19 -36 68 -12 1
144355 22 22 19 -34 68 -12 1
144429 17 23 19 -44 66 -12 1
144430 18 23 19 -42 66 -12 1
144431 19 23 19 -40 66 -12 1
144432 20 23 19 -38 66 -12 1
144433 21 23 19 -36 66 -12 1
144509 18 24 19 -42 64 -12 1
144510 19 24 19 -40 64 -12 1
144511 20 24 19 -38 64 -12 1
151224 18 14 20 -42 84 -10 1
151225 19 14 20 -40 84 -10 1
151226 20 14 20 -38 84 -10 1
151227 21 14 20 -36 84 -10 1
151302 17 15 20 -44 82 -10 1
151303 18 15 20 -42 82 -10 1
151304 19 15 20 -40 82 -10 1
151305 20 15 20 -38 82 -10 1
151306 21 15 20 -36 82 -10 1
151380 16 16 20 -46 80 -10 1
151381 17 16 20 -44 80 -10 1
151382 18 16 20 -42 80 -10 1
151383 19 16 20 -40 80 -10 1
151384 20 16 20 -38 80 -10 1
151385 21 16 20 -36 80 -10 1
151386 22 16 20 -34 80 -10 1
151458 15 17 20 -48 78 -10 1
151459 16 17 20 -46 78 -10 1
151460 17 17 20 -44 78 -10 1
151461 18 17 20 -42 78 -10 1
151462 19 17 20 -40 78 -10 1
151463 20 17 20 -38 78 -10 1
151464 21 17 20 -36 78 -10 1
151465 22 17 20 -34 78 -10 1
151536 14 18 20 -50 76 -10 1
151537 15 18 20 -48 76 -10 1
151538 16 18 20 -46 76 -10 1
151539 17 18 20 -44 76 -10 1
151540 18 18 20 -42 76 -10 1
151541 19 18 20 -40 76 -10 1
151542 20 18 20 -38 76 -10 1
151543 21 18 20 -36 76 -10 1
151544 22 18 20 -34 76 -10 1
151615 14 19 20 -50 74 -10 1
151616 15 19 20 -48 74 -10 1
151617 16 19 20 -46 74 -10 1
151618 17 19 20 -44 74 -10 1
151619 18 19 20 -42 74 -10 1
151620 19 19 20 -40 74 -10 1
151621 20 19 20 -38 74 -10 1
151622 21 19 20 -36 74 -10 1
151623 22 19 20 -34 74 -10 1
151694 14 20 20 -50 72 -10 1
151695 15 20 20 -48 72 -10 1
151696 16 20 20 -46 72 -10 1
151697 17 20 20 -44 72 -10 1
151698 18 20 20 -42 72 -10 1
151699 19 20 20 -40 72 -10 1
151700 20 20 20 -38 72 -10 1
151701 21 20 20 -36 72 -10 1
151702 22 20 20 -34 72 -10 1
151773 14 21 20 -50 70 -10 1
151774 15 21 20 -48 70 -10 1
151775 16 21 20 -46 70 -10 1
151776 17 21 20 -44 70 -10 1
151777 18 21 20 -42 70 -10 1
151778 19 21 20 -40 70 -10 1
151779 20 21 20 -38 70 -10 1
151780 21 21 20 -36 70 -10 1
151781 22 21 20 -34 70 -10 1
151853 15 22 20 -48 68 -10 1
151854 16 22 20 -46 68 -10 1
151855 17 22 20 -44 68 -10 1
151856 18 22 20 -42 68 -10 1
151857 19 22 20 -40 68 -10 1
151858 20 22 20 -38 68 -10 1
151859 21 22 20 -36 68 -10 1
151860 22 22 20 -34 68 -10 1
151934 17 23 20 -44 66 -10 1
151935 18 23 20 -42 66 -10 1
151936 19 23 20 -40 66 -10 1
151937 20 23 20 -38 66 -10 1
151938 21 23 20 -36 66 -10 1
152014 18 24 20 -42 64 -10 1
152015 19 24 20 -40 64 -10 1
152016 20 24 20 -38 64 -10 1
158807 17 15 21 -44 82 -8 1
158808 18 15 21 -42 82 -8 1
158809 19 15 21 -40 82 -8 1
158810 20 15 21 -38 82 -8 1
158884 15 16 21 -48 80 -8 1
158885 16 16 21 -46 80 -8 1
158886 17 16 21 -44 80 -8 1
158887 18 16 21 -42 80 -8 1
158888 19 16 21 -40 80 -8 1
158889 20 16 21 -38 80 -8 1
158890 21 16 21 -36 80 -8 1
158962 14 17 21 -50 78 -8 1
158963 15 17 21 -48 78 -8 1
158964 16 17 21 -46 78 -8 1
158965 17 17 21 -44 78 -8 1
158966 18 17 21 -42 78 -8 1
158967 19 17 21 -40 78 -8 1
158968 20 17 21 -38 78 -8 1
158969 21 17 21 -36 78 -8 1
159041 14 18 21 -50 76 -8 1
159042 15 18 21 -48 76 -8 1
159043 16 18 21 -46 76 -8 1
159044 17 18 21 -44 76 -8 1
159045 18 18 21 -42 76 -8 1
159046 19 18 21 -40 76 -8 1
159047 20 18 21 -38 76 -8 1
159048 21 18 21 -36 76 -8 1
159049 22 18 21 -34 76 -8 1
159119 13 19 21 -52 74 -8 1
159120 14 19 21 -50 74 -8 1
159121 15 19 21 -48 74 -8 1
159122 16 19 21 -46 74 -8 1
159123 17 19 21 -44 74 -8 1
159124 18 19 21 -42 74 -8 1
159125 19 19 21 -40 74 -8 1
159126 20 19 21 -38 74 -8 1
159127 21 19 21 -36 74 -8 1
159128 22 19 21 -34 74 -8 1
159198 13 20 21 -52 72 -8 1
159199 14 20 21 -50 72 -8 1
159200 15 20 21 -48 72 -8 1
159201 16 20 21 -46 72 -8 1
159202 17 20 21 -44 72 -8 1
159203 18 20 21 -42 72 -8 1
159204 19 20 21 -40 72 -8 1
159205 20 20 21 -38 72 -8 1
159206 21 20 21 -36 72 -8 1
159207 22 20 21 -34 72 -8 1
159277 13 21 21 -52 70 -8 1
159278 14 21 21 -50 70 -8 1
159279 15 21 21 -48 70 -8 1
159280 16 21 21 -46 70 -8 1
159281 17 21 21 -44 70 -8 1
159282 18 21 21 -42 70 -8 1
159283 19 21 21 -40 70 -8 1
159284 20 21 21 -38 70 -8 1
159285 21 21 21 -36 70 -8 1
159286 22 21 21 -34 70 -8 1
159358 15 22 21 -48 68 -8 1
159359 16 22 21 -46 68 -8 1
159360 17 22 21 -44 68 -8 1
159361 18 22 21 -42 68 -8 1
159362 19 22 21 -40 68 -8 1
159363 20 22 21 -38 68 -8 1
159364 21 22 21 -36 68 -8 1
159365 22 22 21 -34 68 -8 1
159439 17 23 21 -44 66 -8 1
159440 18 23 21 -42 66 -8 1
159441 19 23 21 -40 66 -8 1
159442 20 23 21 -38 66 -8 1
159443 21 23 21 -36 66 -8 1
166312 17 15 22 -44 82 -6 1
166313 18 15 22 -42 82 -6 1
166389 15 16 22 -48 80 -6 1
166390 16 16 22 -46 80 -6 1
166391 17 16 22 -44 80 -6 1
166392 18 16 22 -42 80 -6 1
166393 19 16 22 -40 80 -6 1
166467 14 17 22 -50 78 -6 1
166468 15 17 22 -48 78 -6 1
166469 16 17 22 -46 78 -6 1
166470 17 17 22 -44 78 -6 1
166471 18 17 22 -42 78 -6 1
166472 19 17 22 -40 78 -6 1
166473 20 17 22 -38 78 -6 1
166546 14 18 22 -50 76 -6 1
166547 15 18 22 -48 76 -6 1
166548 16 18 22 -46 76 -6 1
166549 17 18 22 -44 76 -6 1
166550 18 18 22 -42 76 -6 1
166551 19 18 22 -40 76 -6 1
166552 20 18 22 -38 76 -6 1
166553 21 18 22 -36 76 -6 1
166624 13 19 22 -52 74 -6 1
166625 14 19 22 -50 74 -6 1
166626 15 19 22 -48 74 -6 1
166627 16 19 22 -46 74 -6 1
166628 17 19 22 -44 74 -6 1
166629 18 19 22 -42 74 -6 1
166630 19 19 22 -40 74 -6 1
166631 20 19 22 -38 74 -6 1
166632 21 19 22 -36 74 -6 1
166703 13 20 22 -52 72 -6 1
166704 14 20 22 -50 72 -6 1
166705 15 20 22 -48 72 -6 1
166706 16 20 22 -46 72 -6 1
166707 17 20 22 -44 72 -6 1
166708 18 20 22 -42 72 -6 1
166709 19 20 22 -40 72 -6 1
166710 20 20 22 -38 72 -6 1
166711 21 20 22 -36 72 -6 1
166712 22 20 22 -34 72 -6 1
166782 13 21 22 -52 70 -6 1
166783 14 21 22 -50 70 -6 1
166784 15 21 22 -48 70 -6 1
166785 16 21 22 -46 70 -6 1
166786 17 21 22 -44 70 -6 1
166787 18 21 22 -42 70 -6 1
166788 19 21 22 -40 70 -6 1
166789 20 21 22 -38 70 -6 1
166790 21 21 22 -36 70 -6 1
166791 22 21 22 -34 70 -6 1
166862 14 22 22 -50 68 -6 1
166863 15 22 22 -48 68 -6 1
166864 16 22 22 -46 68 -6 1
166865 17 22 22 -44 68 -6 1
166866 18 22 22 -42 68 -6 1
166867 19 22 22 -40 68 -6 1
166868 20 22 22 -38 68 -6 1
166869 21 22 22 -36 68 -6 1
166870 22 22 22 -34 68 -6 1
166945 18 23 22 -42 66 -6 1
166946 19 23 22 -40 66 -6 1
166947 20 23 22 -38 66 -6 1
166948 21 23 22 -36 66 -6 1
173895 16 16 23 -46 80 -4 1
173896 17 16 23 -44 80 -4 1
173973 15 17 23 -48 78 -4 1
173974 16 17 23 -46 78 -4 1
173975 17 17 23 -44 78 -4 1
173976 18 17 23 -42 78 -4 1
174051 14 18 23 -50 76 -4 1
174052 15 18 23 -48 76 -4 1
174053 16 18 23 -46 76 -4 1
174054 17 18 23 -44 76 -4 1
174055 18 18 23 -42 76 -4 1
174056 19 18 23 -40 76 -4 1
174129 13 19 23 -52 74 -4 1
174130 14 19 23 -50 74 -4 1
174131 15 19 23 -48 74 -4 1
174132 16 19 23 -46 74 -4 1
174133 17 19 23 -44 74 -4 1
174134 18 19 23 -42 74 -4 1
174135 19 19 23 -40 74 -4 1
174136 20 19 23 -38 74 -4 1
174208 13 20 23 -52 72 -4 1
174209 14 20 23 -50 72 -4 1
174210 15 20 23 -48 72 -4 1
174211 16 20 23 -46 72 -4 1
174212 17 20 23 -44 72 -4 1
174213 18 20 23 -42 72 -4 1
174214 19 20 23 -40 72 -4 1
174215 20 20 23 -38 72 -4 1
174216 21 20 23 -36 72 -4 1
174287 13 21 23 -52 70 -4 1
174288 14 21 23 -50 70 -4 1
174289 15 21 23 -48 70 -4 1
174290 16 21 23 -46 70 -4 1
174291 17 21 23 -44 70 -4 1
174292 18 21 23 -42 70 -4 1
174293 19 21 23 -40 70 -4 1
174294 20 21 23 -38 70 -4 1
174295 21 21 23 -36 70 -4 1
174369 16 22 23 -46 68 -4 1
174370 17 22 23 -44 68 -4 1
174371 18 22 23 -42 68 -4 1
174372 19 22 23 -40 68 -4 1
174373 20 22 23 -38 68 -4 1
174374 21 22 23 -36 68 -4 1
181478 15 17 24 -48 78 -2 1
181479 16 17 24 -46 78 -2 1
181480 17 17 24 -44 78 -2 1
181556 14 18 24 -50 76 -2 1
181557 15 18 24 -48 76 -2 1
181558 16 18 24 -46 76 -2 1
181559 17 18 24 -44 76 -2 1
181635 14 19 24 -50 74 -2 1
181636 15 19 24 -48 74 -2 1
181637 16 19 24 -46 74 -2 1
181638 17 19 24 -44 74 -2 1
181639 18 19 24 -42 74 -2 1
181713 13 20 24 -52 72 -2 1
181714 14 20 24 -50 72 -2 1
181715 15 20 24 -48 72 -2 1
181716 16 20 24 -46 72 -2 1
181717 17 20 24 -44 72 -2 1
181718 18 20 24 -42 72 -2 1
181793 14 21 24 -50 70 -2 1
181794 15 21 24 -48 70 -2 1
181795 16 21 24 -46 70 -2 1
181796 17 21 24 -44 70 -2 1
181797 18 21 24 -42 70 -2 1
189062 15 18 25 -48 76 0 1
189063 16 18 25 -46 76 0 1
189141 15 19 25 -48 74 0 1
189142 16 19 25 -46 74 0 1
