152958 14 36 20 -50 40 -10 1
153036 13 37 20 -52 38 -10 1
153037 14 37 20 -50 38 -10 1
153038 15 37 20 -48 38 -10 1
153114 12 38 20 -54 36 -10 1
153115 13 38 20 -52 36 -10 1
153116 14 38 20 -50 36 -10 1
153117 15 38 20 -48 36 -10 1
153118 16 38 20 -46 36 -10 1
153193 12 39 20 -54 34 -10 1
153194 13 39 20 -52 34 -10 1
153195 14 39 20 -50 34 -10 1
153196 15 39 20 -48 34 -10 1
153271 11 40 20 -56 32 -10 1
153272 12 40 20 -54 32 -10 1
153273 13 40 20 -52 32 -10 1
153274 14 40 20 -50 32 -10 1
153275 15 40 20 -48 32 -10 1
153350 11 41 20 -56 30 -10 1
153351 12 41 20 -54 30 -10 1
153352 13 41 20 -52 30 -10 1
153353 14 41 20 -50 30 -10 1
153430 12 42 20 -54 28 -10 1
153748 14 46 20 -50 20 -10 1
153749 15 46 20 -48 20 -10 1
160226 14 33 21 -50 46 -8 1
160227 15 33 21 -48 46 -8 1
160304 13 34 21 -52 44 -8 1
160305 14 34 21 -50 44 -8 1
160306 15 34 21 -48 44 -8 1
160307 16 34 21 -46 44 -8 1
160382 12 35 21 -54 42 -8 1
160383 13 35 21 -52 42 -8 1
160384 14 35 21 -50 42 -8 1
160385 15 35 21 -48 42 -8 1
160386 16 35 21 -46 42 -8 1
160460 11 36 21 -56 40 -8 1
160461 12 36 21 -54 40 -8 1
160462 13 36 21 -52 40 -8 1
160463 14 36 21 -50 40 -8 1
160464 15 36 21 -48 40 -8 1
160465 16 36 21 -46 40 -8 1
160466 17 36 21 -44 40 -8 1
160539 11 37 21 -56 38 -8 1
160540 12 37 21 -54 38 -8 1
160541 13 37 21 -52 38 -8 1
160542 14 37 21 -50 38 -8 1
160543 15 37 21 -48 38 -8 1
160544 16 37 21 -46 38 -8 1
160545 17 37 21 -44 38 -8 1
160546 18 37 21 -42 38 -8 1
160617 10 38 21 -58 36 -8 1
160618 11 38 21 -56 36 -8 1
160619 12 38 21 -54 36 -8 1
160620 13 38 21 -52 36 -8 1
160621 14 38 21 -50 36 -8 1
160622 15 38 21 -48 36 -8 1
160623 16 38 21 -46 36 -8 1
160624 17 38 21 -44 36 -8 1
160625 18 38 21 -42 36 -8 1
160695 9 39 21 -60 34 -8 1
160696 10 39 21 -58 34 -8 1
160697 11 39 21 -56 34 -8 1
160698 12 39 21 -54 34 -8 1
160699 13 39 21 -52 34 -8 1
160700 14 39 21 -50 34 -8 1
160701 15 39 21 -48 34 -8 1
160702 16 39 21 -46 34 -8 1
160703 17 39 21 -44 34 -8 1
160774 9 40 21 -60 32 -8 1
160775 10 40 21 -58 32 -8 1
160776 11 40 21 -56 32 -8 1
160777 12 40 21 -54 32 -8 1
160778 13 40 21 -52 32 -8 1
160779 14 40 21 -50 32 -8 1
160780 15 40 21 -48 32 -8 1
160781 16 40 21 -46 32 -8 1
160782 17 40 21 -44 32 -8 1
160853 9 41 21 -60 30 -8 1
160854 10 41 21 -58 30 -8 1
160855 11 41 21 -56 30 -8 1
160856 12 41 21 -54 30 -8 1
160857 13 41 21 -52 30 -8 1
160858 14 41 21 -50 30 -8 1
160859 15 41 21 -48 30 -8 1
160860 16 41 21 -46 30 -8 1
160932 9 42 21 -60 28 -8 1
160933 10 42 21 -58 28 -8 1
160934 11 42 21 -56 28 -8 1
160935 12 42 21 -54 28 -8 1
160936 13 42 21 -52 28 -8 1
160937 14 42 21 -50 28 -8 1
160938 15 42 21 -48 28 -8 1
160939 16 42 21 -46 28 -8 1
161011 9 43 21 -60 26 -8 1
161012 10 43 21 -58 26 -8 1
161013 11 43 21 -56 26 -8 1
161014 12 43 21 -54 26 -8 1
161015 13 43 21 -52 26 -8 1
161016 14 43 21 -50 26 -8 1
161017 15 43 21 -48 26 -8 1
161018 16 43 21 -46 26 -8 1
161091 10 44 21 -58 24 -8 1
161092 11 44 21 -56 24 -8 1
161093 12 44 21 -54 24 -8 1
161094 13 44 21 -52 24 -8 1
161095 14 44 21 -50 24 -8 1
161096 15 44 21 -48 24 -8 1
161097 16 44 21 -46 24 -8 1
161171 11 45 21 -56 22 -8 1
161172 12 45 21 -54 22 -8 1
161173 13 45 21 -52 22 -8 1
161174 14 45 21 -50 22 -8 1
161175 15 45 21 -48 22 -8 1
161176 16 45 21 -46 22 -8 1
161250 11 46 21 -56 20 -8 1
161251 12 46 21 -54 20 -8 1
161252 13 46 21 -52 20 -8 1
161253 14 46 21 -50 20 -8 1
161254 15 46 21 -48 20 -8 1
161255 16 46 21 -46 20 -8 1
167490 10 30 22 -58 52 -6 1
167569 10 31 22 -58 50 -6 1
167570 11 31 22 -56 50 -6 1
167649 11 32 22 -56 48 -6 1
167650 12 32 22 -54 48 -6 1
167651 13 32 22 -52 48 -6 1
167652 14 32 22 -50 48 -6 1
167653 15 32 22 -48 48 -6 1
167654 16 32 22 -46 48 -6 1
167655 17 32 22 -44 48 -6 1
167728 11 33 22 -56 46 -6 1
167729 12 33 22 -54 46 -6 1
167730 13 33 22 -52 46 -6 1
167731 14 33 22 -50 46 -6 1
167732 15 33 22 -48 46 -6 1
167733 16 33 22 -46 46 -6 1
167734 17 33 22 -44 46 -6 1
167807 11 34 22 -56 44 -6 1
167808 12 34 22 -54 44 -6 1
167809 13 34 22 -52 44 -6 1
167810 14 34 22 -50 44 -6 1
167811 15 34 22 -48 44 -6 1
167812 16 34 22 -46 44 -6 1
167813 17 34 22 -44 44 -6 1
167814 18 34 22 -42 44 -6 1
167885 10 35 22 -58 42 -6 1
167886 11 35 22 -56 42 -6 1
167887 12 35 22 -54 42 -6 1
167888 13 35 22 -52 42 -6 1
167889 14 35 22 -50 42 -6 1
167890 15 35 22 -48 42 -6 1
167891 16 35 22 -46 42 -6 1
167892 17 35 22 -44 42 -6 1
167893 18 35 22 -42 42 -6 1
167894 19 35 22 -40 42 -6 1
167964 10 36 22 -58 40 -6 1
167965 11 36 22 -56 40 -6 1
167966 12 36 22 -54 40 -6 1
167967 13 36 22 -52 40 -6 1
167968 14 36 22 -50 40 -6 1
167969 15 36 22 -48 40 -6 1
167970 16 36 22 -46 40 -6 1
167971 17 36 22 -44 40 -6 1
167972 18 36 22 -42 40 -6 1
167973 19 36 22 -40 40 -6 1
168042 9 37 22 -60 38 -6 1
168043 10 37 22 -58 38 -6 1
168044 11 37 22 -56 38 -6 1
168045 12 37 22 -54 38 -6 1
168046 13 37 22 -52 38 -6 1
168047 14 37 22 -50 38 -6 1
168048 15 37 22 -48 38 -6 1
168049 16 37 22 -46 38 -6 1
168050 17 37 22 -44 38 -6 1
168051 18 37 22 -42 38 -6 1
168052 19 37 22 -40 38 -6 1
168121 9 38 22 -60 36 -6 1
168122 10 38 22 -58 36 -6 1
168123 11 38 22 -56 36 -6 1
168124 12 38 22 -54 36 -6 1
168125 13 38 22 -52 36 -6 1
168126 14 38 22 -50 36 -6 1
168127 15 38 22 -48 36 -6 1
168128 16 38 22 -46 36 -6 1
168129 17 38 22 -44 36 -6 1
168130 18 38 22 -42 36 -6 1
168199 8 39 22 -62 34 -6 1
168200 9 39 22 -60 34 -6 1
168201 10 39 22 -58 34 -6 1
168202 11 39 22 -56 34 -6 1
168203 12 39 22 -54 34 -6 1
168204 13 39 22 -52 34 -6 1
168205 14 39 22 -50 34 -6 1
168206 15 39 22 -48 34 -6 1
168207 16 39 22 -46 34 -6 1
168208 17 39 22 -44 34 -6 1
168209 18 39 22 -42 34 -6 1
168278 8 40 22 -62 32 -6 1
168279 9 40 22 -60 32 -6 1
168280 10 40 22 -58 32 -6 1
168281 11 40 22 -56 32 -6 1
168282 12 40 22 -54 32 -6 1
168283 13 40 22 -52 32 -6 1
168284 14 40 22 -50 32 -6 1
168285 15 40 22 -48 32 -6 1
168286 16 40 22 -46 32 -6 1
168287 17 40 22 -44 32 -6 1
168288 18 40 22 -42 32 -6 1
168357 8 41 22 -62 30 -6 1
168358 9 41 22 -60 30 -6 1
168359 10 41 22 -58 30 -6 1
168360 11 41 22 -56 30 -6 1
168361 12 41 22 -54 30 -6 1
168362 13 41 22 -52 30 -6 1
168363 14 41 22 -50 30 -6 1
168364 15 41 22 -48 30 -6 1
168365 16 41 22 -46 30 -6 1
168366 17 41 22 -44 30 -6 1
168436 8 42 22 -62 28 -6 1
168437 9 42 22 -60 28 -6 1
168438 10 42 22 -58 28 -6 1
168439 11 42 22 -56 28 -6 1
168440 12 42 22 -54 28 -6 1
168441 13 42 22 -52 28 -6 1
168442 14 42 22 -50 28 -6 1
168443 15 42 22 -48 28 -6 1
168444 16 42 22 -46 28 -6 1
168445 17 42 22 -44 28 -6 1
168515 8 43 22 -62 26 -6 1
168516 9 43 22 -60 26 -6 1
168517 10 43 22 -58 26 -6 1
168518 11 43 22 -56 26 -6 1
168519 12 43 22 -54 26 -6 1
168520 13 43 22 -52 26 -6 1
168521 14 43 22 -50 26 -6 1
168522 15 43 22 -48 26 -6 1
168523 16 43 22 -46 26 -6 1
168524 17 43 22 -44 26 -6 1
168594 8 44 22 -62 24 -6 1
168595 9 44 22 -60 24 -6 1
168596 10 44 22 -58 24 -6 1
168597 11 44 22 -56 24 -6 1
168598 12 44 22 -54 24 -6 1
168599 13 44 22 -52 24 -6 1
168600 14 44 22 -50 24 -6 1
168601 15 44 22 -48 24 -6 1
168602 16 44 22 -46 24 -6 1
168674 9 45 22 -60 22 -6 1
168675 10 45 22 -58 22 -6 1
168676 11 45 22 -56 22 -6 1
168677 12 45 22 -54 22 -6 1
168678 13 45 22 -52 22 -6 1
168679 14 45 22 -50 22 -6 1
168680 15 45 22 -48 22 -6 1
168681 16 45 22 -46 22 -6 1
168754 10 46 22 -58 20 -6 1
168755 11 46 22 -56 20 -6 1
168756 12 46 22 -54 20 -6 1
168757 13 46 22 -52 20 -6 1
168758 14 46 22 -50 20 -6 1
168759 15 46 22 -48 20 -6 1
168760 16 46 22 -46 20 -6 1
174836 9 28 23 -60 56 -4 1
174837 10 28 23 -58 56 -4 1
174915 9 29 23 -60 54 -4 1
174916 10 29 23 -58 54 -4 1
174917 11 29 23 -56 54 -4 1
174993 8 30 23 -62 52 -4 1
174994 9 30 23 -60 52 -4 1
174995 10 30 23 -58 52 -4 1
174996 11 30 23 -56 52 -4 1
175073 9 31 23 -60 50 -4 1
175074 10 31 23 -58 50 -4 1
175075 11 31 23 -56 50 -4 1
175076 12 31 23 -54 50 -4 1
175077 13 31 23 -52 50 -4 1
175152 9 32 23 -60 48 -4 1
175153 10 32 23 -58 48 -4 1
175154 11 32 23 -56 48 -4 1
175155 12 32 23 -54 48 -4 1
175156 13 32 23 -52 48 -4 1
175157 14 32 23 -50 48 -4 1
175158 15 32 23 -48 48 -4 1
175159 16 32 23 -46 48 -4 1
175232 10 33 23 -58 46 -4 1
175233 11 33 23 -56 46 -4 1
175234 12 33 23 -54 46 -4 1
175235 13 33 23 -52 46 -4 1
175236 14 33 23 -50 46 -4 1
175237 15 33 23 -48 46 -4 1
175238 16 33 23 -46 46 -4 1
175239 17 33 23 -44 46 -4 1
175240 18 33 23 -42 46 -4 1
175311 10 34 23 -58 44 -4 1
175312 11 34 23 -56 44 -4 1
175313 12 34 23 -54 44 -4 1
175314 13 34 23 -52 44 -4 1
175315 14 34 23 -50 44 -4 1
175316 15 34 23 -48 44 -4 1
175317 16 34 23 -46 44 -4 1
175318 17 34 23 -44 44 -4 1
175319 18 34 23 -42 44 -4 1
175320 19 34 23 -40 44 -4 1
175389 9 35 23 -60 42 -4 1
175390 10 35 23 -58 42 -4 1
175391 11 35 23 -56 42 -4 1
175392 12 35 23 -54 42 -4 1
175393 13 35 23 -52 42 -4 1
175394 14 35 23 -50 42 -4 1
175395 15 35 23 -48 42 -4 1
175396 16 35 23 -46 42 -4 1
175397 17 35 23 -44 42 -4 1
175398 18 35 23 -42 42 -4 1
175399 19 35 23 -40 42 -4 1
175468 9 36 23 -60 40 -4 1
175469 10 36 23 -58 40 -4 1
175470 11 36 23 -56 40 -4 1
175471 12 36 23 -54 40 -4 1
175472 13 36 23 -52 40 -4 1
175473 14 36 23 -50 40 -4 1
175474 15 36 23 -48 40 -4 1
175475 16 36 23 -46 40 -4 1
175476 17 36 23 -44 40 -4 1
175477 18 36 23 -42 40 -4 1
175478 19 36 23 -40 40 -4 1
175546 8 37 23 -62 38 -4 1
175547 9 37 23 -60 38 -4 1
175548 10 37 23 -58 38 -4 1
175549 11 37 23 -56 38 -4 1
175550 12 37 23 -54 38 -4 1
175551 13 37 23 -52 38 -4 1
175552 14 37 23 -50 38 -4 1
175553 15 37 23 -48 38 -4 1
175554 16 37 23 -46 38 -4 1
175555 17 37 23 -44 38 -4 1
175556 18 37 23 -42 38 -4 1
175557 19 37 23 -40 38 -4 1
175625 8 38 23 -62 36 -4 1
175626 9 38 23 -60 36 -4 1
175627 10 38 23 -58 36 -4 1
175628 11 38 23 -56 36 -4 1
175629 12 38 23 -54 36 -4 1
175630 13 38 23 -52 36 -4 1
175631 14 38 23 -50 36 -4 1
175632 15 38 23 -48 36 -4 1
175633 16 38 23 -46 36 -4 1
175634 17 38 23 -44 36 -4 1
175635 18 38 23 -42 36 -4 1
175636 19 38 23 -40 36 -4 1
175703 7 39 23 -64 34 -4 1
175704 8 39 23 -62 34 -4 1
175705 9 39 23 -60 34 -4 1
175706 10 39 23 -58 34 -4 1
175707 11 39 23 -56 34 -4 1
175708 12 39 23 -54 34 -4 1
175709 13 39 23 -52 34 -4 1
175710 14 39 23 -50 34 -4 1
175711 15 39 23 -48 34 -4 1
175712 16 39 23 -46 34 -4 1
175713 17 39 23 -44 34 -4 1
175714 18 39 23 -42 34 -4 1
175715 19 39 23 -40 34 -4 1
175782 7 40 23 -64 32 -4 1
175783 8 40 23 -62 32 -4 1
175784 9 40 23 -60 32 -4 1
175785 10 40 23 -58 32 -4 1
175786 11 40 23 -56 32 -4 1
175787 12 40 23 -54 32 -4 1
175788 13 40 23 -52 32 -4 1
175789 14 40 23 -50 32 -4 1
175790 15 40 23 -48 32 -4 1
175791 16 40 23 -46 32 -4 1
175792 17 40 23 -44 32 -4 1
175793 18 40 23 -42 32 -4 1
175794 19 40 23 -40 32 -4 1
175861 7 41 23 -64 30 -4 1
175862 8 41 23 -62 30 -4 1
175863 9 41 23 -60 30 -4 1
175864 10 41 23 -58 30 -4 1
175865 11 41 23 -56 30 -4 1
175866 12 41 23 -54 30 -4 1
175867 13 41 23 -52 30 -4 1
175868 14 41 23 -50 30 -4 1
175869 15 41 23 -48 30 -4 1
175870 16 41 23 -46 30 -4 1
175871 17 41 23 -44 30 -4 1
175872 18 41 23 -42 30 -4 1
175940 7 42 23 -64 28 -4 1
175941 8 42 23 -62 28 -4 1
175942 9 42 23 -60 28 -4 1
175943 10 42 23 -58 28 -4 1
175944 11 42 23 -56 28 -4 1
175945 12 42 23 -54 28 -4 1
175946 13 42 23 -52 28 -4 1
175947 14 42 23 -50 28 -4 1
175948 15 42 23 -48 28 -4 1
175949 16 42 23 -46 28 -4 1
175950 17 42 23 -44 28 -4 1
175951 18 42 23 -42 28 -4 1
176019 7 43 23 -64 26 -4 1
176020 8 43 23 -62 26 -4 1
176021 9 43 23 -60 26 -4 1
176022 10 43 23 -58 26 -4 1
176023 11 43 23 -56 26 -4 1
176024 12 43 23 -54 26 -4 1
176025 13 43 23 -52 26 -4 1
176026 14 43 23 -50 26 -4 1
176027 15 43 23 -48 26 -4 1
176028 16 43 23 -46 26 -4 1
176029 17 43 23 -44 26 -4 1
176099 8 44 23 -62 24 -4 1
176100 9 44 23 -60 24 -4 1
176101 10 44 23 -58 24 -4 1
176102 11 44 23 -56 24 -4 1
176103 12 44 23 -54 24 -4 1
176104 13 44 23 -52 24 -4 1
176105 14 44 23 -50 24 -4 1
176106 15 44 23 -48 24 -4 1
176107 16 44 23 -46 24 -4 1
176108 17 44 23 -44 24 -4 1
176178 8 45 23 -62 22 -4 1
176179 9 45 23 -60 22 -4 1
176180 10 45 23 -58 22 -4 1
176181 11 45 23 -56 22 -4 1
176182 12 45 23 -54 22 -4 1
176183 13 45 23 -52 22 -4 1
176184 14 45 23 -50 22 -4 1
176185 15 45 23 -48 22 -4 1
176186 16 45 23 -46 22 -4 1
176258 9 46 23 -60 20 -4 1
176259 10 46 23 -58 20 -4 1
176260 11 46 23 -56 20 -4 1
176261 12 46 23 -54 20 -4 1
176262 13 46 23 -52 20 -4 1
176263 14 46 23 -50 20 -4 1
176264 15 46 23 -48 20 -4 1
182263 10 27 24 -58 58 -2 1
182341 9 28 24 -60 56 -2 1
182342 10 28 24 -58 56 -2 1
182343 11 28 24 -56 56 -2 1
182419 8 29 24 -62 54 -2 1
182420 9 29 24 -60 54 -2 1
182421 10 29 24 -58 54 -2 1
182422 11 29 24 -56 54 -2 1
182498 8 30 24 -62 52 -2 1
182499 9 30 24 -60 52 -2 1
182500 10 30 24 -58 52 -2 1
182501 11 30 24 -56 52 -2 1
182502 12 30 24 -54 52 -2 1
182577 8 31 24 -62 50 -2 1
182578 9 31 24 -60 50 -2 1
182579 10 31 24 -58 50 -2 1
182580 11 31 24 -56 50 -2 1
182581 12 31 24 -54 50 -2 1
182582 13 31 24 -52 50 -2 1
182583 14 31 24 -50 50 -2 1
182656 8 32 24 -62 48 -2 1
182657 9 32 24 -60 48 -2 1
182658 10 32 24 -58 48 -2 1
182659 11 32 24 -56 48 -2 1
182660 12 32 24 -54 48 -2 1
182661 13 32 24 -52 48 -2 1
182662 14 32 24 -50 48 -2 1
182663 15 32 24 -48 48 -2 1
182664 16 32 24 -46 48 -2 1
182665 17 32 24 -44 48 -2 1
182735 8 33 24 -62 46 -2 1
182736 9 33 24 -60 46 -2 1
182737 10 33 24 -58 46 -2 1
182738 11 33 24 -56 46 -2 1
182739 12 33 24 -54 46 -2 1
182740 13 33 24 -52 46 -2 1
182741 14 33 24 -50 46 -2 1
182742 15 33 24 -48 46 -2 1
182743 16 33 24 -46 46 -2 1
182744 17 33 24 -44 46 -2 1
182745 18 33 24 -42 46 -2 1
182814 8 34 24 -62 44 -2 1
182815 9 34 24 -60 44 -2 1
182816 10 34 24 -58 44 -2 1
182817 11 34 24 -56 44 -2 1
182818 12 34 24 -54 44 -2 1
182819 13 34 24 -52 44 -2 1
182820 14 34 24 -50 44 -2 1
182821 15 34 24 -48 44 -2 1
182822 16 34 24 -46 44 -2 1
182823 17 34 24 -44 44 -2 1
182824 18 34 24 -42 44 -2 1
182825 19 34 24 -40 44 -2 1
182893 8 35 24 -62 42 -2 1
182894 9 35 24 -60 42 -2 1
182895 10 35 24 -58 42 -2 1
182896 11 35 24 -56 42 -2 1
182897 12 35 24 -54 42 -2 1
182898 13 35 24 -52 42 -2 1
182899 14 35 24 -50 42 -2 1
182900 15 35 24 -48 42 -2 1
182901 16 35 24 -46 42 -2 1
182902 17 35 24 -44 42 -2 1
182903 18 35 24 -42 42 -2 1
182904 19 35 24 -40 42 -2 1
182972 8 36 24 -62 40 -2 1
182973 9 36 24 -60 40 -2 1
182974 10 36 24 -58 40 -2 1
182975 11 36 24 -56 40 -2 1
182976 12 36 24 -54 40 -2 1
182977 13 36 24 -52 40 -2 1
182978 14 36 24 -50 40 -2 1
182979 15 36 24 -48 40 -2 1
182980 16 36 24 -46 40 -2 1
182981 17 36 24 -44 40 -2 1
182982 18 36 24 -42 40 -2 1
182983 19 36 24 -40 40 -2 1
182984 20 36 24 -38 40 -2 1
183050 7 37 24 -64 38 -2 1
183051 8 37 24 -62 38 -2 1
183052 9 37 24 -60 38 -2 1
183053 10 37 24 -58 38 -2 1
183054 11 37 24 -56 38 -2 1
183055 12 37 24 -54 38 -2 1
183056 13 37 24 -52 38 -2 1
183057 14 37 24 -50 38 -2 1
183058 15 37 24 -48 38 -2 1
183059 16 37 24 -46 38 -2 1
183060 17 37 24 -44 38 -2 1
183061 18 37 24 -42 38 -2 1
183062 19 37 24 -40 38 -2 1
183063 20 37 24 -38 38 -2 1
183129 7 38 24 -64 36 -2 1
183130 8 38 24 -62 36 -2 1
183131 9 38 24 -60 36 -2 1
183132 10 38 24 -58 36 -2 1
183133 11 38 24 -56 36 -2 1
183134 12 38 24 -54 36 -2 1
183135 13 38 24 -52 36 -2 1
183136 14 38 24 -50 36 -2 1
183137 15 38 24 -48 36 -2 1
183138 16 38 24 -46 36 -2 1
183139 17 38 24 -44 36 -2 1
183140 18 38 24 -42 36 -2 1
183141 19 38 24 -40 36 -2 1
183142 20 38 24 -38 36 -2 1
183208 7 39 24 -64 34 -2 1
183209 8 39 24 -62 34 -2 1
183210 9 39 24 -60 34 -2 1
183211 10 39 24 -58 34 -2 1
183212 11 39 24 -56 34 -2 1
183213 12 39 24 -54 34 -2 1
183214 13 39 24 -52 34 -2 1
183215 14 39 24 -50 34 -2 1
183216 15 39 24 -48 34 -2 1
183217 16 39 24 -46 34 -2 1
183218 17 39 24 -44 34 -2 1
183219 18 39 24 -42 34 -2 1
183220 19 39 24 -40 34 -2 1
183287 7 40 24 -64 32 -2 1
183288 8 40 24 -62 32 -2 1
183289 9 40 24 -60 32 -2 1
183290 10 40 24 -58 32 -2 1
183291 11 40 24 -56 32 -2 1
183292 12 40 24 -54 32 -2 1
183293 13 40 24 -52 32 -2 1
183294 14 40 24 -50 32 -2 1
183295 15 40 24 -48 32 -2 1
183296 16 40 24 -46 32 -2 1
183297 17 40 24 -44 32 -2 1
183298 18 40 24 -42 32 -2 1
183299 19 40 24 -40 32 -2 1
183366 7 41 24 -64 30 -2 1
183367 8 41 24 -62 30 -2 1
183368 9 41 24 -60 30 -2 1
183369 10 41 24 -58 30 -2 1
183370 11 41 24 -56 30 -2 1
183371 12 41 24 -54 30 -2 1
183372 13 41 24 -52 30 -2 1
183373 14 41 24 -50 30 -2 1
183374 15 41 24 -48 30 -2 1
183375 16 41 24 -46 30 -2 1
183376 17 41 24 -44 30 -2 1
183377 18 41 24 -42 30 -2 1
183378 19 41 24 -40 30 -2 1
183445 7 42 24 -64 28 -2 1
183446 8 42 24 -62 28 -2 1
183447 9 42 24 -60 28 -2 1
183448 10 42 24 -58 28 -2 1
183449 11 42 24 -56 28 -2 1
183450 12 42 24 -54 28 -2 1
183451 13 42 24 -52 28 -2 1
183452 14 42 24 -50 28 -2 1
183453 15 42 24 -48 28 -2 1
183454 16 42 24 -46 28 -2 1
183455 17 42 24 -44 28 -2 1
183456 18 42 24 -42 28 -2 1
183524 7 43 24 -64 26 -2 1
183525 8 43 24 -62 26 -2 1
183526 9 43 24 -60 26 -2 1
183527 10 43 24 -58 26 -2 1
183528 11 43 24 -56 26 -2 1
183529 12 43 24 -54 26 -2 1
183530 13 43 24 -52 26 -2 1
183531 14 43 24 -50 26 -2 1
183532 15 43 24 -48 26 -2 1
183533 16 43 24 -46 26 -2 1
183534 17 43 24 -44 26 -2 1
183603 7 44 24 -64 24 -2 1
183604 8 44 24 -62 24 -2 1
183605 9 44 24 -60 24 -2 1
183606 10 44 24 -58 24 -2 1
183607 11 44 24 -56 24 -2 1
183608 12 44 24 -54 24 -2 1
183609 13 44 24 -52 24 -2 1
183610 14 44 24 -50 24 -2 1
183611 15 44 24 -48 24 -2 1
183612 16 44 24 -46 24 -2 1
183683 8 45 24 -62 22 -2 1
183684 9 45 24 -60 22 -2 1
183685 10 45 24 -58 22 -2 1
183686 11 45 24 -56 22 -2 1
183687 12 45 24 -54 22 -2 1
183688 13 45 24 -52 22 -2 1
183689 14 45 24 -50 22 -2 1
183690 15 45 24 -48 22 -2 1
183764 10 46 24 -58 20 -2 1
183765 11 46 24 -56 20 -2 1
183766 12 46 24 -54 20 -2 1
183767 13 46 24 -52 20 -2 1
183768 14 46 24 -50 20 -2 1
189767 9 27 25 -60 58 0 1
189768 10 27 25 -58 58 0 1
189769 11 27 25 -56 58 0 1
189846 9 28 25 -60 56 0 1
189847 10 28 25 -58 56 0 1
189848 11 28 25 -56 56 0 1
189924 8 29 25 -62 54 0 1
189925 9 29 25 -60 54 0 1
189926 10 29 25 -58 54 0 1
189927 11 29 25 -56 54 0 1
189928 12 29 25 -54 54 0 1
190003 8 30 25 -62 52 0 1
190004 9 30 25 -60 52 0 1
190005 10 30 25 -58 52 0 1
190006 11 30 25 -56 52 0 1
190007 12 30 25 -54 52 0 1
190082 8 31 25 -62 50 0 1
190083 9 31 25 -60 50 0 1
190084 10 31 25 -58 50 0 1
190085 11 31 25 -56 50 0 1
190086 12 31 25 -54 50 0 1
190087 13 31 25 -52 50 0 1
190088 14 31 25 -50 50 0 1
190089 15 31 25 -48 50 0 1
190161 8 32 25 -62 48 0 1
190162 9 32 25 -60 48 0 1
190163 10 32 25 -58 48 0 1
190164 11 32 25 -56 48 0 1
190165 12 32 25 -54 48 0 1
190166 13 32 25 -52 48 0 1
190167 14 32 25 -50 48 0 1
190168 15 32 25 -48 48 0 1
190169 16 32 25 -46 48 0 1
190170 17 32 25 -44 48 0 1
190239 7 33 25 -64 46 0 1
190240 8 33 25 -62 46 0 1
190241 9 33 25 -60 46 0 1
190242 10 33 25 -58 46 0 1
190243 11 33 25 -56 46 0 1
190244 12 33 25 -54 46 0 1
190245 13 33 25 -52 46 0 1
190246 14 33 25 -50 46 0 1
190247 15 33 25 -48 46 0 1
190248 16 33 25 -46 46 0 1
190249 17 33 25 -44 46 0 1
190250 18 33 25 -42 46 0 1
190318 7 34 25 -64 44 0 1
190319 8 34 25 -62 44 0 1
190320 9 34 25 -60 44 0 1
190321 10 34 25 -58 44 0 1
190322 11 34 25 -56 44 0 1
190323 12 34 25 -54 44 0 1
190324 13 34 25 -52 44 0 1
190325 14 34 25 -50 44 0 1
190326 15 34 25 -48 44 0 1
190327 16 34 25 -46 44 0 1
190328 17 34 25 -44 44 0 1
190329 18 34 25 -42 44 0 1
190330 19 34 25 -40 44 0 1
190397 7 35 25 -64 42 0 1
190398 8 35 25 -62 42 0 1
190399 9 35 25 -60 42 0 1
190400 10 35 25 -58 42 0 1
190401 11 35 25 -56 42 0 1
190402 12 35 25 -54 42 0 1
190403 13 35 25 -52 42 0 1
190404 14 35 25 -50 42 0 1
190405 15 35 25 -48 42 0 1
190406 16 35 25 -46 42 0 1
190407 17 35 25 -44 42 0 1
190408 18 35 25 -42 42 0 1
190409 19 35 25 -40 42 0 1
190410 20 35 25 -38 42 0 1
190476 7 36 25 -64 40 0 1
190477 8 36 25 -62 40 0 1
190478 9 36 25 -60 40 0 1
190479 10 36 25 -58 40 0 1
190480 11 36 25 -56 40 0 1
190481 12 36 25 -54 40 0 1
190482 13 36 25 -52 40 0 1
190483 14 36 25 -50 40 0 1
190484 15 36 25 -48 40 0 1
190485 16 36 25 -46 40 0 1
190486 17 36 25 -44 40 0 1
190487 18 36 25 -42 40 0 1
190488 19 36 25 -40 40 0 1
190489 20 36 25 -38 40 0 1
190554 6 37 25 -66 38 0 1
190555 7 37 25 -64 38 0 1
190556 8 37 25 -62 38 0 1
190557 9 37 25 -60 38 0 1
190558 10 37 25 -58 38 0 1
190559 11 37 25 -56 38 0 1
190560 12 37 25 -54 38 0 1
190561 13 37 25 -52 38 0 1
190562 14 37 25 -50 38 0 1
190563 15 37 25 -48 38 0 1
190564 16 37 25 -46 38 0 1
190565 17 37 25 -44 38 0 1
190566 18 37 25 -42 38 0 1
190567 19 37 25 -40 38 0 1
190568 20 37 25 -38 38 0 1
190633 6 38 25 -66 36 0 1
190634 7 38 25 -64 36 0 1
190635 8 38 25 -62 36 0 1
190636 9 38 25 -60 36 0 1
190637 10 38 25 -58 36 0 1
190638 11 38 25 -56 36 0 1
190639 12 38 25 -54 36 0 1
190640 13 38 25 -52 36 0 1
190641 14 38 25 -50 36 0 1
190642 15 38 25 -48 36 0 1
190643 16 38 25 -46 36 0 1
190644 17 38 25 -44 36 0 1
190645 18 38 25 -42 36 0 1
190646 19 38 25 -40 36 0 1
190647 20 38 25 -38 36 0 1
190712 6 39 25 -66 34 0 1
190713 7 39 25 -64 34 0 1
190714 8 39 25 -62 34 0 1
190715 9 39 25 -60 34 0 1
190716 10 39 25 -58 34 0 1
190717 11 39 25 -56 34 0 1
190718 12 39 25 -54 34 0 1
190719 13 39 25 -52 34 0 1
190720 14 39 25 -50 34 0 1
190721 15 39 25 -48 34 0 1
190722 16 39 25 -46 34 0 1
190723 17 39 25 -44 34 0 1
190724 18 39 25 -42 34 0 1
190725 19 39 25 -40 34 0 1
190726 20 39 25 -38 34 0 1
190791 6 40 25 -66 32 0 1
190792 7 40 25 -64 32 0 1
190793 8 40 25 -62 32 0 1
190794 9 40 25 -60 32 0 1
190795 10 40 25 -58 32 0 1
190796 11 40 25 -56 32 0 1
190797 12 40 25 -54 32 0 1
190798 13 40 25 -52 32 0 1
190799 14 40 25 -50 32 0 1
190800 15 40 25 -48 32 0 1
190801 16 40 25 -46 32 0 1
190802 17 40 25 -44 32 0 1
190803 18 40 25 -42 32 0 1
190804 19 40 25 -40 32 0 1
190870 6 41 25 -66 30 0 1
190871 7 41 25 -64 30 0 1
190872 8 41 25 -62 30 0 1
190873 9 41 25 -60 30 0 1
190874 10 41 25 -58 30 0 1
190875 11 41 25 -56 30 0 1
190876 12 41 25 -54 30 0 1
190877 13 41 25 -52 30 0 1
190878 14 41 25 -50 30 0 1
190879 15 41 25 -48 30 0 1
190880 16 41 25 -46 30 0 1
190881 17 41 25 -44 30 0 1
190882 18 41 25 -42 30 0 1
190883 19 41 25 -40 30 0 1
190950 7 42 25 -64 28 0 1
190951 8 42 25 -62 28 0 1
190952 9 42 25 -60 28 0 1
190953 10 42 25 -58 28 0 1
190954 11 42 25 -56 28 0 1
190955 12 42 25 -54 28 0 1
190956 13 42 25 -52 28 0 1
190957 14 42 25 -50 28 0 1
190958 15 42 25 -48 28 0 1
190959 16 42 25 -46 28 0 1
190960 17 42 25 -44 28 0 1
190961 18 42 25 -42 28 0 1
191029 7 43 25 -64 26 0 1
191030 8 43 25 -62 26 0 1
191031 9 43 25 -60 26 0 1
191032 10 43 25 -58 26 0 1
191033 11 43 25 -56 26 0 1
191034 12 43 25 -54 26 0 1
191035 13 43 25 -52 26 0 1
191036 14 43 25 -50 26 0 1
191037 15 43 25 -48 26 0 1
191038 16 43 25 -46 26 0 1
191039 17 43 25 -44 26 0 1
191109 8 44 25 -62 24 0 1
191110 9 44 25 -60 24 0 1
191111 10 44 25 -58 24 0 1
191112 11 44 25 -56 24 0 1
191113 12 44 25 -54 24 0 1
191114 13 44 25 -52 24 0 1
191115 14 44 25 -50 24 0 1
191116 15 44 25 -48 24 0 1
191117 16 44 25 -46 24 0 1
191189 9 45 25 -60 22 0 1
191190 10 45 25 -58 22 0 1
191191 11 45 25 -56 22 0 1
191192 12 45 25 -54 22 0 1
191193 13 45 25 -52 22 0 1
191194 14 45 25 -50 22 0 1
191270 11 46 25 -56 20 0 1
191271 12 46 25 -54 20 0 1
197194 10 26 26 -58 60 2 1
197272 9 27 26 -60 58 2 1
197273 10 27 26 -58 58 2 1
197274 11 27 26 -56 58 2 1
197275 12 27 26 -54 58 2 1
197351 9 28 26 -60 56 2 1
197352 10 28 26 -58 56 2 1
197353 11 28 26 -56 56 2 1
197354 12 28 26 -54 56 2 1
197429 8 29 26 -62 54 2 1
197430 9 29 26 -60 54 2 1
197431 10 29 26 -58 54 2 1
197432 11 29 26 -56 54 2 1
197433 12 29 26 -54 54 2 1
197508 8 30 26 -62 52 2 1
197509 9 30 26 -60 52 2 1
197510 10 30 26 -58 52 2 1
197511 11 30 26 -56 52 2 1
197512 12 30 26 -54 52 2 1
197513 13 30 26 -52 52 2 1
197586 7 31 26 -64 50 2 1
197587 8 31 26 -62 50 2 1
197588 9 31 26 -60 50 2 1
197589 10 31 26 -58 50 2 1
197590 11 31 26 -56 50 2 1
197591 12 31 26 -54 50 2 1
197592 13 31 26 -52 50 2 1
197593 14 31 26 -50 50 2 1
197594 15 31 26 -48 50 2 1
197665 7 32 26 -64 48 2 1
197666 8 32 26 -62 48 2 1
197667 9 32 26 -60 48 2 1
197668 10 32 26 -58 48 2 1
197669 11 32 26 -56 48 2 1
197670 12 32 26 -54 48 2 1
197671 13 32 26 -52 48 2 1
197672 14 32 26 -50 48 2 1
197673 15 32 26 -48 48 2 1
197674 16 32 26 -46 48 2 1
197675 17 32 26 -44 48 2 1
197744 7 33 26 -64 46 2 1
197745 8 33 26 -62 46 2 1
197746 9 33 26 -60 46 2 1
197747 10 33 26 -58 46 2 1
197748 11 33 26 -56 46 2 1
197749 12 33 26 -54 46 2 1
197750 13 33 26 -52 46 2 1
197751 14 33 26 -50 46 2 1
197752 15 33 26 -48 46 2 1
197753 16 33 26 -46 46 2 1
197754 17 33 26 -44 46 2 1
197755 18 33 26 -42 46 2 1
197822 6 34 26 -66 44 2 1
197823 7 34 26 -64 44 2 1
197824 8 34 26 -62 44 2 1
197825 9 34 26 -60 44 2 1
197826 10 34 26 -58 44 2 1
197827 11 34 26 -56 44 2 1
197828 12 34 26 -54 44 2 1
197829 13 34 26 -52 44 2 1
197830 14 34 26 -50 44 2 1
197831 15 34 26 -48 44 2 1
197832 16 34 26 -46 44 2 1
197833 17 34 26 -44 44 2 1
197834 18 34 26 -42 44 2 1
197835 19 34 26 -40 44 2 1
197901 6 35 26 -66 42 2 1
197902 7 35 26 -64 42 2 1
197903 8 35 26 -62 42 2 1
197904 9 35 26 -60 42 2 1
197905 10 35 26 -58 42 2 1
197906 11 35 26 -56 42 2 1
197907 12 35 26 -54 42 2 1
197908 13 35 26 -52 42 2 1
197909 14 35 26 -50 42 2 1
197910 15 35 26 -48 42 2 1
197911 16 35 26 -46 42 2 1
197912 17 35 26 -44 42 2 1
197913 18 35 26 -42 42 2 1
197914 19 35 26 -40 42 2 1
197915 20 35 26 -38 42 2 1
197980 6 36 26 -66 40 2 1
197981 7 36 26 -64 40 2 1
197982 8 36 26 -62 40 2 1
197983 9 36 26 -60 40 2 1
197984 10 36 26 -58 40 2 1
197985 11 36 26 -56 40 2 1
197986 12 36 26 -54 40 2 1
197987 13 36 26 -52 40 2 1
197988 14 36 26 -50 40 2 1
197989 15 36 26 -48 40 2 1
197990 16 36 26 -46 40 2 1
197991 17 36 26 -44 40 2 1
197992 18 36 26 -42 40 2 1
197993 19 36 26 -40 40 2 1
197994 20 36 26 -38 40 2 1
198059 6 37 26 -66 38 2 1
198060 7 37 26 -64 38 2 1
198061 8 37 26 -62 38 2 1
198062 9 37 26 -60 38 2 1
198063 10 37 26 -58 38 2 1
198064 11 37 26 -56 38 2 1
198065 12 37 26 -54 38 2 1
198066 13 37 26 -52 38 2 1
198067 14 37 26 -50 38 2 1
198068 15 37 26 -48 38 2 1
198069 16 37 26 -46 38 2 1
198070 17 37 26 -44 38 2 1
198071 18 37 26 -42 38 2 1
198072 19 37 26 -40 38 2 1
198073 20 37 26 -38 38 2 1
198138 6 38 26 -66 36 2 1
198139 7 38 26 -64 36 2 1
198140 8 38 26 -62 36 2 1
198141 9 38 26 -60 36 2 1
198142 10 38 26 -58 36 2 1
198143 11 38 26 -56 36 2 1
198144 12 38 26 -54 36 2 1
198145 13 38 26 -52 36 2 1
198146 14 38 26 -50 36 2 1
198147 15 38 26 -48 36 2 1
198148 16 38 26 -46 36 2 1
198149 17 38 26 -44 36 2 1
198150 18 38 26 -42 36 2 1
198151 19 38 26 -40 36 2 1
198152 20 38 26 -38 36 2 1
198217 6 39 26 -66 34 2 1
198218 7 39 26 -64 34 2 1
198219 8 39 26 -62 34 2 1
198220 9 39 26 -60 34 2 1
198221 10 39 26 -58 34 2 1
198222 11 39 26 -56 34 2 1
198223 12 39 26 -54 34 2 1
198224 13 39 26 -52 34 2 1
198225 14 39 26 -50 34 2 1
198226 15 39 26 -48 34 2 1
198227 16 39 26 -46 34 2 1
198228 17 39 26 -44 34 2 1
198229 18 39 26 -42 34 2 1
198230 19 39 26 -40 34 2 1
198231 20 39 26 -38 34 2 1
198296 6 40 26 -66 32 2 1
198297 7 40 26 -64 32 2 1
198298 8 40 26 -62 32 2 1
198299 9 40 26 -60 32 2 1
198300 10 40 26 -58 32 2 1
198301 11 40 26 -56 32 2 1
198302 12 40 26 -54 32 2 1
198303 13 40 26 -52 32 2 1
198304 14 40 26 -50 32 2 1
198305 15 40 26 -48 32 2 1
198306 16 40 26 -46 32 2 1
198307 17 40 26 -44 32 2 1
198308 18 40 26 -42 32 2 1
198309 19 40 26 -40 32 2 1
198375 6 41 26 -66 30 2 1
198376 7 41 26 -64 30 2 1
198377 8 41 26 -62 30 2 1
198378 9 41 26 -60 30 2 1
198379 10 41 26 -58 30 2 1
198380 11 41 26 -56 30 2 1
198381 12 41 26 -54 30 2 1
198382 13 41 26 -52 30 2 1
198383 14 41 26 -50 30 2 1
198384 15 41 26 -48 30 2 1
198385 16 41 26 -46 30 2 1
198386 17 41 26 -44 30 2 1
198387 18 41 26 -42 30 2 1
198388 19 41 26 -40 30 2 1
198455 7 42 26 -64 28 2 1
198456 8 42 26 -62 28 2 1
198457 9 42 26 -60 28 2 1
198458 10 42 26 -58 28 2 1
198459 11 42 26 -56 28 2 1
198460 12 42 26 -54 28 2 1
198461 13 42 26 -52 28 2 1
198462 14 42 26 -50 28 2 1
198463 15 42 26 -48 28 2 1
198464 16 42 26 -46 28 2 1
198465 17 42 26 -44 28 2 1
198466 18 42 26 -42 28 2 1
198534 7 43 26 -64 26 2 1
198535 8 43 26 -62 26 2 1
198536 9 43 26 -60 26 2 1
198537 10 43 26 -58 26 2 1
198538 11 43 26 -56 26 2 1
198539 12 43 26 -54 26 2 1
198540 13 43 26 -52 26 2 1
198541 14 43 26 -50 26 2 1
198542 15 43 26 -48 26 2 1
198543 16 43 26 -46 26 2 1
198544 17 43 26 -44 26 2 1
198614 8 44 26 -62 24 2 1
198615 9 44 26 -60 24 2 1
198616 10 44 26 -58 24 2 1
198617 11 44 26 -56 24 2 1
198618 12 44 26 -54 24 2 1
198619 13 44 26 -52 24 2 1
198620 14 44 26 -50 24 2 1
198621 15 44 26 -48 24 2 1
198694 9 45 26 -60 22 2 1
198695 10 45 26 -58 22 2 1
198696 11 45 26 -56 22 2 1
198697 12 45 26 -54 22 2 1
198698 13 45 26 -52 22 2 1
204699 10 26 27 -58 60 4 1
204700 11 26 27 -56 60 4 1
204777 9 27 27 -60 58 4 1
204778 10 27 27 -58 58 4 1
204779 11 27 27 -56 58 4 1
204780 12 27 27 -54 58 4 1
204855 8 28 27 -62 56 4 1
204856 9 28 27 -60 56 4 1
204857 10 28 27 -58 56 4 1
204858 11 28 27 -56 56 4 1
204859 12 28 27 -54 56 4 1
204860 13 28 27 -52 56 4 1
204934 8 29 27 -62 54 4 1
204935 9 29 27 -60 54 4 1
204936 10 29 27 -58 54 4 1
204937 11 29 27 -56 54 4 1
204938 12 29 27 -54 54 4 1
204939 13 29 27 -52 54 4 1
205013 8 30 27 -62 52 4 1
205014 9 30 27 -60 52 4 1
205015 10 30 27 -58 52 4 1
205016 11 30 27 -56 52 4 1
205017 12 30 27 -54 52 4 1
205018 13 30 27 -52 52 4 1
205019 14 30 27 -50 52 4 1
205091 7 31 27 -64 50 4 1
205092 8 31 27 -62 50 4 1
205093 9 31 27 -60 50 4 1
205094 10 31 27 -58 50 4 1
205095 11 31 27 -56 50 4 1
205096 12 31 27 -54 50 4 1
205097 13 31 27 -52 50 4 1
205098 14 31 27 -50 50 4 1
205099 15 31 27 -48 50 4 1
205170 7 32 27 -64 48 4 1
205171 8 32 27 -62 48 4 1
205172 9 32 27 -60 48 4 1
205173 10 32 27 -58 48 4 1
205174 11 32 27 -56 48 4 1
205175 12 32 27 -54 48 4 1
205176 13 32 27 -52 48 4 1
205177 14 32 27 -50 48 4 1
205178 15 32 27 -48 48 4 1
205179 16 32 27 -46 48 4 1
205180 17 32 27 -44 48 4 1
205248 6 33 27 -66 46 4 1
205249 7 33 27 -64 46 4 1
205250 8 33 27 -62 46 4 1
205251 9 33 27 -60 46 4 1
205252 10 33 27 -58 46 4 1
205253 11 33 27 -56 46 4 1
205254 12 33 27 -54 46 4 1
205255 13 33 27 -52 46 4 1
205256 14 33 27 -50 46 4 1
205257 15 33 27 -48 46 4 1
205258 16 33 27 -46 46 4 1
205259 17 33 27 -44 46 4 1
205260 18 33 27 -42 46 4 1
205327 6 34 27 -66 44 4 1
205328 7 34 27 -64 44 4 1
205329 8 34 27 -62 44 4 1
205330 9 34 27 -60 44 4 1
205331 10 34 27 -58 44 4 1
205332 11 34 27 -56 44 4 1
205333 12 34 27 -54 44 4 1
205334 13 34 27 -52 44 4 1
205335 14 34 27 -50 44 4 1
205336 15 34 27 -48 44 4 1
205337 16 34 27 -46 44 4 1
205338 17 34 27 -44 44 4 1
205339 18 34 27 -42 44 4 1
205340 19 34 27 -40 44 4 1
205406 6 35 27 -66 42 4 1
205407 7 35 27 -64 42 4 1
205408 8 35 27 -62 42 4 1
205409 9 35 27 -60 42 4 1
205410 10 35 27 -58 42 4 1
205411 11 35 27 -56 42 4 1
205412 12 35 27 -54 42 4 1
205413 13 35 27 -52 42 4 1
205414 14 35 27 -50 42 4 1
205415 15 35 27 -48 42 4 1
205416 16 35 27 -46 42 4 1
205417 17 35 27 -44 42 4 1
205418 18 35 27 -42 42 4 1
205419 19 35 27 -40 42 4 1
205420 20 35 27 -38 42 4 1
205485 6 36 27 -66 40 4 1
205486 7 36 27 -64 40 4 1
205487 8 36 27 -62 40 4 1
205488 9 36 27 -60 40 4 1
205489 10 36 27 -58 40 4 1
205490 11 36 27 -56 40 4 1
205491 12 36 27 -54 40 4 1
205492 13 36 27 -52 40 4 1
205493 14 36 27 -50 40 4 1
205494 15 36 27 -48 40 4 1
205495 16 36 27 -46 40 4 1
205496 17 36 27 -44 40 4 1
205497 18 36 27 -42 40 4 1
205498 19 36 27 -40 40 4 1
205499 20 36 27 -38 40 4 1
205563 5 37 27 -68 38 4 1
205564 6 37 27 -66 38 4 1
205565 7 37 27 -64 38 4 1
205566 8 37 27 -62 38 4 1
205567 9 37 27 -60 38 4 1
205568 10 37 27 -58 38 4 1
205569 11 37 27 -56 38 4 1
205570 12 37 27 -54 38 4 1
205571 13 37 27 -52 38 4 1
205572 14 37 27 -50 38 4 1
205573 15 37 27 -48 38 4 1
205574 16 37 27 -46 38 4 1
205575 17 37 27 -44 38 4 1
205576 18 37 27 -42 38 4 1
205577 19 37 27 -40 38 4 1
205578 20 37 27 -38 38 4 1
205643 6 38 27 -66 36 4 1
205644 7 38 27 -64 36 4 1
205645 8 38 27 -62 36 4 1
205646 9 38 27 -60 36 4 1
205647 10 38 27 -58 36 4 1
205648 11 38 27 -56 36 4 1
205649 12 38 27 -54 36 4 1
205650 13 38 27 -52 36 4 1
205651 14 38 27 -50 36 4 1
205652 15 38 27 -48 36 4 1
205653 16 38 27 -46 36 4 1
205654 17 38 27 -44 36 4 1
205655 18 38 27 -42 36 4 1
205656 19 38 27 -40 36 4 1
205657 20 38 27 -38 36 4 1
205722 6 39 27 -66 34 4 1
205723 7 39 27 -64 34 4 1
205724 8 39 27 -62 34 4 1
205725 9 39 27 -60 34 4 1
205726 10 39 27 -58 34 4 1
205727 11 39 27 -56 34 4 1
205728 12 39 27 -54 34 4 1
205729 13 39 27 -52 34 4 1
205730 14 39 27 -50 34 4 1
205731 15 39 27 -48 34 4 1
205732 16 39 27 -46 34 4 1
205733 17 39 27 -44 34 4 1
205734 18 39 27 -42 34 4 1
205735 19 39 27 -40 34 4 1
205736 20 39 27 -38 34 4 1
205801 6 40 27 -66 32 4 1
205802 7 40 27 -64 32 4 1
205803 8 40 27 -62 32 4 1
205804 9 40 27 -60 32 4 1
205805 10 40 27 -58 32 4 1
205806 11 40 27 -56 32 4 1
205807 12 40 27 -54 32 4 1
205808 13 40 27 -52 32 4 1
205809 14 40 27 -50 32 4 1
205810 15 40 27 -48 32 4 1
205811 16 40 27 -46 32 4 1
205812 17 40 27 -44 32 4 1
205813 18 40 27 -42 32 4 1
205814 19 40 27 -40 32 4 1
205881 7 41 27 -64 30 4 1
205882 8 41 27 -62 30 4 1
205883 9 41 27 -60 30 4 1
205884 10 41 27 -58 30 4 1
205885 11 41 27 -56 30 4 1
205886 12 41 27 -54 30 4 1
205887 13 41 27 -52 30 4 1
205888 14 41 27 -50 30 4 1
205889 15 41 27 -48 30 4 1
205890 16 41 27 -46 30 4 1
205891 17 41 27 -44 30 4 1
205892 18 41 27 -42 30 4 1
205960 7 42 27 -64 28 4 1
205961 8 42 27 -62 28 4 1
205962 9 42 27 -60 28 4 1
205963 10 42 27 -58 28 4 1
205964 11 42 27 -56 28 4 1
205965 12 42 27 -54 28 4 1
205966 13 42 27 -52 28 4 1
205967 14 42 27 -50 28 4 1
205968 15 42 27 -48 28 4 1
205969 16 42 27 -46 28 4 1
205970 17 42 27 -44 28 4 1
206040 8 43 27 -62 26 4 1
206041 9 43 27 -60 26 4 1
206042 10 43 27 -58 26 4 1
206043 11 43 27 -56 26 4 1
206044 12 43 27 -54 26 4 1
206045 13 43 27 -52 26 4 1
206046 14 43 27 -50 26 4 1
206047 15 43 27 -48 26 4 1
206048 16 43 27 -46 26 4 1
206120 9 44 27 -60 24 4 1
206121 10 44 27 -58 24 4 1
206122 11 44 27 -56 24 4 1
206123 12 44 27 -54 24 4 1
206124 13 44 27 -52 24 4 1
212203 9 26 28 -60 60 6 1
212204 10 26 28 -58 60 6 1
212205 11 26 28 -56 60 6 1
212206 12 26 28 -54 60 6 1
212282 9 27 28 -60 58 6 1
212283 10 27 28 -58 58 6 1
212284 11 27 28 -56 58 6 1
212285 12 27 28 -54 58 6 1
212286 13 27 28 -52 58 6 1
212360 8 28 28 -62 56 6 1
212361 9 28 28 -60 56 6 1
212362 10 28 28 -58 56 6 1
212363 11 28 28 -56 56 6 1
212364 12 28 28 -54 56 6 1
212365 13 28 28 -52 56 6 1
212366 14 28 28 -50 56 6 1
212439 8 29 28 -62 54 6 1
212440 9 29 28 -60 54 6 1
212441 10 29 28 -58 54 6 1
212442 11 29 28 -56 54 6 1
212443 12 29 28 -54 54 6 1
212444 13 29 28 -52 54 6 1
212445 14 29 28 -50 54 6 1
212517 7 30 28 -64 52 6 1
212518 8 30 28 -62 52 6 1
212519 9 30 28 -60 52 6 1
212520 10 30 28 -58 52 6 1
212521 11 30 28 -56 52 6 1
212522 12 30 28 -54 52 6 1
212523 13 30 28 -52 52 6 1
212524 14 30 28 -50 52 6 1
212525 15 30 28 -48 52 6 1
212596 7 31 28 -64 50 6 1
212597 8 31 28 -62 50 6 1
212598 9 31 28 -60 50 6 1
212599 10 31 28 -58 50 6 1
212600 11 31 28 -56 50 6 1
212601 12 31 28 -54 50 6 1
212602 13 31 28 -52 50 6 1
212603 14 31 28 -50 50 6 1
212604 15 31 28 -48 50 6 1
212605 16 31 28 -46 50 6 1
212675 7 32 28 -64 48 6 1
212676 8 32 28 -62 48 6 1
212677 9 32 28 -60 48 6 1
212678 10 32 28 -58 48 6 1
212679 11 32 28 -56 48 6 1
212680 12 32 28 -54 48 6 1
212681 13 32 28 -52 48 6 1
212682 14 32 28 -50 48 6 1
212683 15 32 28 -48 48 6 1
212684 16 32 28 -46 48 6 1
212685 17 32 28 -44 48 6 1
212753 6 33 28 -66 46 6 1
212754 7 33 28 -64 46 6 1
212755 8 33 28 -62 46 6 1
212756 9 33 28 -60 46 6 1
212757 10 33 28 -58 46 6 1
212758 11 33 28 -56 46 6 1
212759 12 33 28 -54 46 6 1
212760 13 33 28 -52 46 6 1
212761 14 33 28 -50 46 6 1
212762 15 33 28 -48 46 6 1
212763 16 33 28 -46 46 6 1
212764 17 33 28 -44 46 6 1
212765 18 33 28 -42 46 6 1
212766 19 33 28 -40 46 6 1
212832 6 34 28 -66 44 6 1
212833 7 34 28 -64 44 6 1
212834 8 34 28 -62 44 6 1
212835 9 34 28 -60 44 6 1
212836 10 34 28 -58 44 6 1
212837 11 34 28 -56 44 6 1
212838 12 34 28 -54 44 6 1
212839 13 34 28 -52 44 6 1
212840 14 34 28 -50 44 6 1
212841 15 34 28 -48 44 6 1
212842 16 34 28 -46 44 6 1
212843 17 34 28 -44 44 6 1
212844 18 34 28 -42 44 6 1
212845 19 34 28 -40 44 6 1
212846 20 34 28 -38 44 6 1
212911 6 35 28 -66 42 6 1
212912 7 35 28 -64 42 6 1
212913 8 35 28 -62 42 6 1
212914 9 35 28 -60 42 6 1
212915 10 35 28 -58 42 6 1
212916 11 35 28 -56 42 6 1
212917 12 35 28 -54 42 6 1
212918 13 35 28 -52 42 6 1
212919 14 35 28 -50 42 6 1
212920 15 35 28 -48 42 6 1
212921 16 35 28 -46 42 6 1
212922 17 35 28 -44 42 6 1
212923 18 35 28 -42 42 6 1
212924 19 35 28 -40 42 6 1
212925 20 35 28 -38 42 6 1
212989 5 36 28 -68 40 6 1
212990 6 36 28 -66 40 6 1
212991 7 36 28 -64 40 6 1
212992 8 36 28 -62 40 6 1
212993 9 36 28 -60 40 6 1
212994 10 36 28 -58 40 6 1
212995 11 36 28 -56 40 6 1
212996 12 36 28 -54 40 6 1
212997 13 36 28 -52 40 6 1
212998 14 36 28 -50 40 6 1
212999 15 36 28 -48 40 6 1
213000 16 36 28 -46 40 6 1
213001 17 36 28 -44 40 6 1
213002 18 36 28 -42 40 6 1
213003 19 36 28 -40 40 6 1
213004 20 36 28 -38 40 6 1
213068 5 37 28 -68 38 6 1
213069 6 37 28 -66 38 6 1
213070 7 37 28 -64 38 6 1
213071 8 37 28 -62 38 6 1
213072 9 37 28 -60 38 6 1
213073 10 37 28 -58 38 6 1
213074 11 37 28 -56 38 6 1
213075 12 37 28 -54 38 6 1
213076 13 37 28 -52 38 6 1
213077 14 37 28 -50 38 6 1
213078 15 37 28 -48 38 6 1
213079 16 37 28 -46 38 6 1
213080 17 37 28 -44 38 6 1
213081 18 37 28 -42 38 6 1
213082 19 37 28 -40 38 6 1
213083 20 37 28 -38 38 6 1
213148 6 38 28 -66 36 6 1
213149 7 38 28 -64 36 6 1
213150 8 38 28 -62 36 6 1
213151 9 38 28 -60 36 6 1
213152 10 38 28 -58 36 6 1
213153 11 38 28 -56 36 6 1
213154 12 38 28 -54 36 6 1
213155 13 38 28 -52 36 6 1
213156 14 38 28 -50 36 6 1
213157 15 38 28 -48 36 6 1
213158 16 38 28 -46 36 6 1
213159 17 38 28 -44 36 6 1
213160 18 38 28 -42 36 6 1
213161 19 38 28 -40 36 6 1
213162 20 38 28 -38 36 6 1
213227 6 39 28 -66 34 6 1
213228 7 39 28 -64 34 6 1
213229 8 39 28 -62 34 6 1
213230 9 39 28 -60 34 6 1
213231 10 39 28 -58 34 6 1
213232 11 39 28 -56 34 6 1
213233 12 39 28 -54 34 6 1
213234 13 39 28 -52 34 6 1
213235 14 39 28 -50 34 6 1
213236 15 39 28 -48 34 6 1
213237 16 39 28 -46 34 6 1
213238 17 39 28 -44 34 6 1
213239 18 39 28 -42 34 6 1
213240 19 39 28 -40 34 6 1
213241 20 39 28 -38 34 6 1
213306 6 40 28 -66 32 6 1
213307 7 40 28 -64 32 6 1
213308 8 40 28 -62 32 6 1
213309 9 40 28 -60 32 6 1
213310 10 40 28 -58 32 6 1
213311 11 40 28 -56 32 6 1
213312 12 40 28 -54 32 6 1
213313 13 40 28 -52 32 6 1
213314 14 40 28 -50 32 6 1
213315 15 40 28 -48 32 6 1
213316 16 40 28 -46 32 6 1
213317 17 40 28 -44 32 6 1
213318 18 40 28 -42 32 6 1
213319 19 40 28 -40 32 6 1
213386 7 41 28 -64 30 6 1
213387 8 41 28 -62 30 6 1
213388 9 41 28 -60 30 6 1
213389 10 41 28 -58 30 6 1
213390 11 41 28 -56 30 6 1
213391 12 41 28 -54 30 6 1
213392 13 41 28 -52 30 6 1
213393 14 41 28 -50 30 6 1
213394 15 41 28 -48 30 6 1
213395 16 41 28 -46 30 6 1
213396 17 41 28 -44 30 6 1
213397 18 41 28 -42 30 6 1
213466 8 42 28 -62 28 6 1
213467 9 42 28 -60 28 6 1
213468 10 42 28 -58 28 6 1
213469 11 42 28 -56 28 6 1
213470 12 42 28 -54 28 6 1
213471 13 42 28 -52 28 6 1
213472 14 42 28 -50 28 6 1
213473 15 42 28 -48 28 6 1
213474 16 42 28 -46 28 6 1
213546 9 43 28 -60 26 6 1
213547 10 43 28 -58 26 6 1
213548 11 43 28 -56 26 6 1
213549 12 43 28 -54 26 6 1
213550 13 43 28 -52 26 6 1
213551 14 43 28 -50 26 6 1
219708 9 26 29 -60 60 8 1
219709 10 26 29 -58 60 8 1
219710 11 26 29 -56 60 8 1
219711 12 26 29 -54 60 8 1
219712 13 26 29 -52 60 8 1
219786 8 27 29 -62 58 8 1
219787 9 27 29 -60 58 8 1
219788 10 27 29 -58 58 8 1
219789 11 27 29 -56 58 8 1
219790 12 27 29 -54 58 8 1
219791 13 27 29 -52 58 8 1
219792 14 27 29 -50 58 8 1
219793 15 27 29 -48 58 8 1
219865 8 28 29 -62 56 8 1
219866 9 28 29 -60 56 8 1
219867 10 28 29 -58 56 8 1
219868 11 28 29 -56 56 8 1
219869 12 28 29 -54 56 8 1
219870 13 28 29 -52 56 8 1
219871 14 28 29 -50 56 8 1
219872 15 28 29 -48 56 8 1
219944 8 29 29 -62 54 8 1
219945 9 29 29 -60 54 8 1
219946 10 29 29 -58 54 8 1
219947 11 29 29 -56 54 8 1
219948 12 29 29 -54 54 8 1
219949 13 29 29 -52 54 8 1
219950 14 29 29 -50 54 8 1
219951 15 29 29 -48 54 8 1
220022 7 30 29 -64 52 8 1
220023 8 30 29 -62 52 8 1
220024 9 30 29 -60 52 8 1
220025 10 30 29 -58 52 8 1
220026 11 30 29 -56 52 8 1
220027 12 30 29 -54 52 8 1
220028 13 30 29 -52 52 8 1
220029 14 30 29 -50 52 8 1
220030 15 30 29 -48 52 8 1
220101 7 31 29 -64 50 8 1
220102 8 31 29 -62 50 8 1
220103 9 31 29 -60 50 8 1
220104 10 31 29 -58 50 8 1
220105 11 31 29 -56 50 8 1
220106 12 31 29 -54 50 8 1
220107 13 31 29 -52 50 8 1
220108 14 31 29 -50 50 8 1
220109 15 31 29 -48 50 8 1
220110 16 31 29 -46 50 8 1
220179 6 32 29 -66 48 8 1
220180 7 32 29 -64 48 8 1
220181 8 32 29 -62 48 8 1
220182 9 32 29 -60 48 8 1
220183 10 32 29 -58 48 8 1
220184 11 32 29 -56 48 8 1
220185 12 32 29 -54 48 8 1
220186 13 32 29 -52 48 8 1
220187 14 32 29 -50 48 8 1
220188 15 32 29 -48 48 8 1
220189 16 32 29 -46 48 8 1
220190 17 32 29 -44 48 8 1
220258 6 33 29 -66 46 8 1
220259 7 33 29 -64 46 8 1
220260 8 33 29 -62 46 8 1
220261 9 33 29 -60 46 8 1
220262 10 33 29 -58 46 8 1
220263 11 33 29 -56 46 8 1
220264 12 33 29 -54 46 8 1
220265 13 33 29 -52 46 8 1
220266 14 33 29 -50 46 8 1
220267 15 33 29 -48 46 8 1
220268 16 33 29 -46 46 8 1
220269 17 33 29 -44 46 8 1
220270 18 33 29 -42 46 8 1
220271 19 33 29 -40 46 8 1
220337 6 34 29 -66 44 8 1
220338 7 34 29 -64 44 8 1
220339 8 34 29 -62 44 8 1
220340 9 34 29 -60 44 8 1
220341 10 34 29 -58 44 8 1
220342 11 34 29 -56 44 8 1
220343 12 34 29 -54 44 8 1
220344 13 34 29 -52 44 8 1
220345 14 34 29 -50 44 8 1
220346 15 34 29 -48 44 8 1
220347 16 34 29 -46 44 8 1
220348 17 34 29 -44 44 8 1
220349 18 34 29 -42 44 8 1
220350 19 34 29 -40 44 8 1
220351 20 34 29 -38 44 8 1
220416 6 35 29 -66 42 8 1
220417 7 35 29 -64 42 8 1
220418 8 35 29 -62 42 8 1
220419 9 35 29 -60 42 8 1
220420 10 35 29 -58 42 8 1
220421 11 35 29 -56 42 8 1
220422 12 35 29 -54 42 8 1
220423 13 35 29 -52 42 8 1
220424 14 35 29 -50 42 8 1
220425 15 35 29 -48 42 8 1
220426 16 35 29 -46 42 8 1
220427 17 35 29 -44 42 8 1
220428 18 35 29 -42 42 8 1
220429 19 35 29 -40 42 8 1
220430 20 35 29 -38 42 8 1
220495 6 36 29 -66 40 8 1
220496 7 36 29 -64 40 8 1
220497 8 36 29 -62 40 8 1
220498 9 36 29 -60 40 8 1
220499 10 36 29 -58 40 8 1
220500 11 36 29 -56 40 8 1
220501 12 36 29 -54 40 8 1
220502 13 36 29 -52 40 8 1
220503 14 36 29 -50 40 8 1
220504 15 36 29 -48 40 8 1
220505 16 36 29 -46 40 8 1
220506 17 36 29 -44 40 8 1
220507 18 36 29 -42 40 8 1
220508 19 36 29 -40 40 8 1
220509 20 36 29 -38 40 8 1
220574 6 37 29 -66 38 8 1
220575 7 37 29 -64 38 8 1
220576 8 37 29 -62 38 8 1
220577 9 37 29 -60 38 8 1
220578 10 37 29 -58 38 8 1
220579 11 37 29 -56 38 8 1
220580 12 37 29 -54 38 8 1
220581 13 37 29 -52 38 8 1
220582 14 37 29 -50 38 8 1
220583 15 37 29 -48 38 8 1
220584 16 37 29 -46 38 8 1
220585 17 37 29 -44 38 8 1
220586 18 37 29 -42 38 8 1
220587 19 37 29 -40 38 8 1
220588 20 37 29 -38 38 8 1
220653 6 38 29 -66 36 8 1
220654 7 38 29 -64 36 8 1
220655 8 38 29 -62 36 8 1
220656 9 38 29 -60 36 8 1
220657 10 38 29 -58 36 8 1
220658 11 38 29 -56 36 8 1
220659 12 38 29 -54 36 8 1
220660 13 38 29 -52 36 8 1
220661 14 38 29 -50 36 8 1
220662 15 38 29 -48 36 8 1
220663 16 38 29 -46 36 8 1
220664 17 38 29 -44 36 8 1
220665 18 38 29 -42 36 8 1
220666 19 38 29 -40 36 8 1
220667 20 38 29 -38 36 8 1
220732 6 39 29 -66 34 8 1
220733 7 39 29 -64 34 8 1
220734 8 39 29 -62 34 8 1
220735 9 39 29 -60 34 8 1
220736 10 39 29 -58 34 8 1
220737 11 39 29 -56 34 8 1
220738 12 39 29 -54 34 8 1
220739 13 39 29 -52 34 8 1
220740 14 39 29 -50 34 8 1
220741 15 39 29 -48 34 8 1
220742 16 39 29 -46 34 8 1
220743 17 39 29 -44 34 8 1
220744 18 39 29 -42 34 8 1
220745 19 39 29 -40 34 8 1
220812 7 40 29 -64 32 8 1
220813 8 40 29 -62 32 8 1
220814 9 40 29 -60 32 8 1
220815 10 40 29 -58 32 8 1
220816 11 40 29 -56 32 8 1
220817 12 40 29 -54 32 8 1
220818 13 40 29 -52 32 8 1
220819 14 40 29 -50 32 8 1
220820 15 40 29 -48 32 8 1
220821 16 40 29 -46 32 8 1
220822 17 40 29 -44 32 8 1
220823 18 40 29 -42 32 8 1
220892 8 41 29 -62 30 8 1
220893 9 41 29 -60 30 8 1
220894 10 41 29 -58 30 8 1
220895 11 41 29 -56 30 8 1
220896 12 41 29 -54 30 8 1
220897 13 41 29 -52 30 8 1
220898 14 41 29 -50 30 8 1
220899 15 41 29 -48 30 8 1
220900 16 41 29 -46 30 8 1
220901 17 41 29 -44 30 8 1
220972 9 42 29 -60 28 8 1
220973 10 42 29 -58 28 8 1
220974 11 42 29 -56 28 8 1
220975 12 42 29 -54 28 8 1
220976 13 42 29 -52 28 8 1
220977 14 42 29 -50 28 8 1
220978 15 42 29 -48 28 8 1
227136 11 25 30 -56 62 10 1
227213 9 26 30 -60 60 10 1
227214 10 26 30 -58 60 10 1
227215 11 26 30 -56 60 10 1
227216 12 26 30 -54 60 10 1
227217 13 26 30 -52 60 10 1
227291 8 27 30 -62 58 10 1
227292 9 27 30 -60 58 10 1
227293 10 27 30 -58 58 10 1
227294 11 27 30 -56 58 10 1
227295 12 27 30 -54 58 10 1
227296 13 27 30 -52 58 10 1
227297 14 27 30 -50 58 10 1
227298 15 27 30 -48 58 10 1
227370 8 28 30 -62 56 10 1
227371 9 28 30 -60 56 10 1
227372 10 28 30 -58 56 10 1
227373 11 28 30 -56 56 10 1
227374 12 28 30 -54 56 10 1
227375 13 28 30 -52 56 10 1
227376 14 28 30 -50 56 10 1
227377 15 28 30 -48 56 10 1
227378 16 28 30 -46 56 10 1
227449 8 29 30 -62 54 10 1
227450 9 29 30 -60 54 10 1
227451 10 29 30 -58 54 10 1
227452 11 29 30 -56 54 10 1
227453 12 29 30 -54 54 10 1
227454 13 29 30 -52 54 10 1
227455 14 29 30 -50 54 10 1
227456 15 29 30 -48 54 10 1
227457 16 29 30 -46 54 10 1
227527 7 30 30 -64 52 10 1
227528 8 30 30 -62 52 10 1
227529 9 30 30 -60 52 10 1
227530 10 30 30 -58 52 10 1
227531 11 30 30 -56 52 10 1
227532 12 30 30 -54 52 10 1
227533 13 30 30 -52 52 10 1
227534 14 30 30 -50 52 10 1
227535 15 30 30 -48 52 10 1
227536 16 30 30 -46 52 10 1
227606 7 31 30 -64 50 10 1
227607 8 31 30 -62 50 10 1
227608 9 31 30 -60 50 10 1
227609 10 31 30 -58 50 10 1
227610 11 31 30 -56 50 10 1
227611 12 31 30 -54 50 10 1
227612 13 31 30 -52 50 10 1
227613 14 31 30 -50 50 10 1
227614 15 31 30 -48 50 10 1
227615 16 31 30 -46 50 10 1
227685 7 32 30 -64 48 10 1
227686 8 32 30 -62 48 10 1
227687 9 32 30 -60 48 10 1
227688 10 32 30 -58 48 10 1
227689 11 32 30 -56 48 10 1
227690 12 32 30 -54 48 10 1
227691 13 32 30 -52 48 10 1
227692 14 32 30 -50 48 10 1
227693 15 32 30 -48 48 10 1
227694 16 32 30 -46 48 10 1
227695 17 32 30 -44 48 10 1
227696 18 32 30 -42 48 10 1
227763 6 33 30 -66 46 10 1
227764 7 33 30 -64 46 10 1
227765 8 33 30 -62 46 10 1
227766 9 33 30 -60 46 10 1
227767 10 33 30 -58 46 10 1
227768 11 33 30 -56 46 10 1
227769 12 33 30 -54 46 10 1
227770 13 33 30 -52 46 10 1
227771 14 33 30 -50 46 10 1
227772 15 33 30 -48 46 10 1
227773 16 33 30 -46 46 10 1
227774 17 33 30 -44 46 10 1
227775 18 33 30 -42 46 10 1
227776 19 33 30 -40 46 10 1
227842 6 34 30 -66 44 10 1
227843 7 34 30 -64 44 10 1
227844 8 34 30 -62 44 10 1
227845 9 34 30 -60 44 10 1
227846 10 34 30 -58 44 10 1
227847 11 34 30 -56 44 10 1
227848 12 34 30 -54 44 10 1
227849 13 34 30 -52 44 10 1
227850 14 34 30 -50 44 10 1
227851 15 34 30 -48 44 10 1
227852 16 34 30 -46 44 10 1
227853 17 34 30 -44 44 10 1
227854 18 34 30 -42 44 10 1
227855 19 34 30 -40 44 10 1
227856 20 34 30 -38 44 10 1
227921 6 35 30 -66 42 10 1
227922 7 35 30 -64 42 10 1
227923 8 35 30 -62 42 10 1
227924 9 35 30 -60 42 10 1
227925 10 35 30 -58 42 10 1
227926 11 35 30 -56 42 10 1
227927 12 35 30 -54 42 10 1
227928 13 35 30 -52 42 10 1
227929 14 35 30 -50 42 10 1
227930 15 35 30 -48 42 10 1
227931 16 35 30 -46 42 10 1
227932 17 35 30 -44 42 10 1
227933 18 35 30 -42 42 10 1
227934 19 35 30 -40 42 10 1
227935 20 35 30 -38 42 10 1
228000 6 36 30 -66 40 10 1
228001 7 36 30 -64 40 10 1
228002 8 36 30 -62 40 10 1
228003 9 36 30 -60 40 10 1
228004 10 36 30 -58 40 10 1
228005 11 36 30 -56 40 10 1
228006 12 36 30 -54 40 10 1
228007 13 36 30 -52 40 10 1
228008 14 36 30 -50 40 10 1
228009 15 36 30 -48 40 10 1
228010 16 36 30 -46 40 10 1
228011 17 36 30 -44 40 10 1
228012 18 36 30 -42 40 10 1
228013 19 36 30 -40 40 10 1
228014 20 36 30 -38 40 10 1
228079 6 37 30 -66 38 10 1
228080 7 37 30 -64 38 10 1
228081 8 37 30 -62 38 10 1
228082 9 37 30 -60 38 10 1
228083 10 37 30 -58 38 10 1
228084 11 37 30 -56 38 10 1
228085 12 37 30 -54 38 10 1
228086 13 37 30 -52 38 10 1
228087 14 37 30 -50 38 10 1
228088 15 37 30 -48 38 10 1
228089 16 37 30 -46 38 10 1
228090 17 37 30 -44 38 10 1
228091 18 37 30 -42 38 10 1
228092 19 37 30 -40 38 10 1
228093 20 37 30 -38 38 10 1
228158 6 38 30 -66 36 10 1
228159 7 38 30 -64 36 10 1
228160 8 38 30 -62 36 10 1
228161 9 38 30 -60 36 10 1
228162 10 38 30 -58 36 10 1
228163 11 38 30 -56 36 10 1
228164 12 38 30 -54 36 10 1
228165 13 38 30 -52 36 10 1
228166 14 38 30 -50 36 10 1
228167 15 38 30 -48 36 10 1
228168 16 38 30 -46 36 10 1
228169 17 38 30 -44 36 10 1
228170 18 38 30 -42 36 10 1
228171 19 38 30 -40 36 10 1
228238 7 39 30 -64 34 10 1
228239 8 39 30 -62 34 10 1
228240 9 39 30 -60 34 10 1
228241 10 39 30 -58 34 10 1
228242 11 39 30 -56 34 10 1
228243 12 39 30 -54 34 10 1
228244 13 39 30 -52 34 10 1
228245 14 39 30 -50 34 10 1
228246 15 39 30 -48 34 10 1
228247 16 39 30 -46 34 10 1
228248 17 39 30 -44 34 10 1
228249 18 39 30 -42 34 10 1
228250 19 39 30 -40 34 10 1
228318 8 40 30 -62 32 10 1
228319 9 40 30 -60 32 10 1
228320 10 40 30 -58 32 10 1
228321 11 40 30 -56 32 10 1
228322 12 40 30 -54 32 10 1
228323 13 40 30 -52 32 10 1
228324 14 40 30 -50 32 10 1
228325 15 40 30 -48 32 10 1
228326 16 40 30 -46 32 10 1
228327 17 40 30 -44 32 10 1
228328 18 40 30 -42 32 10 1
228399 10 41 30 -58 30 10 1
228400 11 41 30 -56 30 10 1
228401 12 41 30 -54 30 10 1
228402 13 41 30 -52 30 10 1
228403 14 41 30 -50 30 10 1
228404 15 41 30 -48 30 10 1
228405 16 41 30 -46 30 10 1
234641 11 25 31 -56 62 12 1
234642 12 25 31 -54 62 12 1
234718 9 26 31 -60 60 12 1
234719 10 26 31 -58 60 12 1
234720 11 26 31 -56 60 12 1
234721 12 26 31 -54 60 12 1
234722 13 26 31 -52 60 12 1
234723 14 26 31 -50 60 12 1
234797 9 27 31 -60 58 12 1
234798 10 27 31 -58 58 12 1
234799 11 27 31 -56 58 12 1
234800 12 27 31 -54 58 12 1
234801 13 27 31 -52 58 12 1
234802 14 27 31 -50 58 12 1
234803 15 27 31 -48 58 12 1
234804 16 27 31 -46 58 12 1
234875 8 28 31 -62 56 12 1
234876 9 28 31 -60 56 12 1
234877 10 28 31 -58 56 12 1
234878 11 28 31 -56 56 12 1
234879 12 28 31 -54 56 12 1
234880 13 28 31 -52 56 12 1
234881 14 28 31 -50 56 12 1
234882 15 28 31 -48 56 12 1
234883 16 28 31 -46 56 12 1
234954 8 29 31 -62 54 12 1
234955 9 29 31 -60 54 12 1
234956 10 29 31 -58 54 12 1
234957 11 29 31 -56 54 12 1
234958 12 29 31 -54 54 12 1
234959 13 29 31 -52 54 12 1
234960 14 29 31 -50 54 12 1
234961 15 29 31 -48 54 12 1
234962 16 29 31 -46 54 12 1
235032 7 30 31 -64 52 12 1
235033 8 30 31 -62 52 12 1
235034 9 30 31 -60 52 12 1
235035 10 30 31 -58 52 12 1
235036 11 30 31 -56 52 12 1
235037 12 30 31 -54 52 12 1
235038 13 30 31 -52 52 12 1
235039 14 30 31 -50 52 12 1
235040 15 30 31 -48 52 12 1
235041 16 30 31 -46 52 12 1
235111 7 31 31 -64 50 12 1
235112 8 31 31 -62 50 12 1
235113 9 31 31 -60 50 12 1
235114 10 31 31 -58 50 12 1
235115 11 31 31 -56 50 12 1
235116 12 31 31 -54 50 12 1
235117 13 31 31 -52 50 12 1
235118 14 31 31 -50 50 12 1
235119 15 31 31 -48 50 12 1
235120 16 31 31 -46 50 12 1
235121 17 31 31 -44 50 12 1
235190 7 32 31 -64 48 12 1
235191 8 32 31 -62 48 12 1
235192 9 32 31 -60 48 12 1
235193 10 32 31 -58 48 12 1
235194 11 32 31 -56 48 12 1
235195 12 32 31 -54 48 12 1
235196 13 32 31 -52 48 12 1
235197 14 32 31 -50 48 12 1
235198 15 32 31 -48 48 12 1
235199 16 32 31 -46 48 12 1
235200 17 32 31 -44 48 12 1
235201 18 32 31 -42 48 12 1
235268 6 33 31 -66 46 12 1
235269 7 33 31 -64 46 12 1
235270 8 33 31 -62 46 12 1
235271 9 33 31 -60 46 12 1
235272 10 33 31 -58 46 12 1
235273 11 33 31 -56 46 12 1
235274 12 33 31 -54 46 12 1
235275 13 33 31 -52 46 12 1
235276 14 33 31 -50 46 12 1
235277 15 33 31 -48 46 12 1
235278 16 33 31 -46 46 12 1
235279 17 33 31 -44 46 12 1
235280 18 33 31 -42 46 12 1
235281 19 33 31 -40 46 12 1
235347 6 34 31 -66 44 12 1
235348 7 34 31 -64 44 12 1
235349 8 34 31 -62 44 12 1
235350 9 34 31 -60 44 12 1
235351 10 34 31 -58 44 12 1
235352 11 34 31 -56 44 12 1
235353 12 34 31 -54 44 12 1
235354 13 34 31 -52 44 12 1
235355 14 34 31 -50 44 12 1
235356 15 34 31 -48 44 12 1
235357 16 34 31 -46 44 12 1
235358 17 34 31 -44 44 12 1
235359 18 34 31 -42 44 12 1
235360 19 34 31 -40 44 12 1
235361 20 34 31 -38 44 12 1
235426 6 35 31 -66 42 12 1
235427 7 35 31 -64 42 12 1
235428 8 35 31 -62 42 12 1
235429 9 35 31 -60 42 12 1
235430 10 35 31 -58 42 12 1
235431 11 35 31 -56 42 12 1
235432 12 35 31 -54 42 12 1
235433 13 35 31 -52 42 12 1
235434 14 35 31 -50 42 12 1
235435 15 35 31 -48 42 12 1
235436 16 35 31 -46 42 12 1
235437 17 35 31 -44 42 12 1
235438 18 35 31 -42 42 12 1
235439 19 35 31 -40 42 12 1
235440 20 35 31 -38 42 12 1
235505 6 36 31 -66 40 12 1
235506 7 36 31 -64 40 12 1
235507 8 36 31 -62 40 12 1
235508 9 36 31 -60 40 12 1
235509 10 36 31 -58 40 12 1
235510 11 36 31 -56 40 12 1
235511 12 36 31 -54 40 12 1
235512 13 36 31 -52 40 12 1
235513 14 36 31 -50 40 12 1
235514 15 36 31 -48 40 12 1
235515 16 36 31 -46 40 12 1
235516 17 36 31 -44 40 12 1
235517 18 36 31 -42 40 12 1
235518 19 36 31 -40 40 12 1
235519 20 36 31 -38 40 12 1
235585 7 37 31 -64 38 12 1
235586 8 37 31 -62 38 12 1
235587 9 37 31 -60 38 12 1
235588 10 37 31 -58 38 12 1
235589 11 37 31 -56 38 12 1
235590 12 37 31 -54 38 12 1
235591 13 37 31 -52 38 12 1
235592 14 37 31 -50 38 12 1
235593 15 37 31 -48 38 12 1
235594 16 37 31 -46 38 12 1
235595 17 37 31 -44 38 12 1
235596 18 37 31 -42 38 12 1
235597 19 37 31 -40 38 12 1
235598 20 37 31 -38 38 12 1
235664 7 38 31 -64 36 12 1
235665 8 38 31 -62 36 12 1
235666 9 38 31 -60 36 12 1
235667 10 38 31 -58 36 12 1
235668 11 38 31 -56 36 12 1
235669 12 38 31 -54 36 12 1
235670 13 38 31 -52 36 12 1
235671 14 38 31 -50 36 12 1
235672 15 38 31 -48 36 12 1
235673 16 38 31 -46 36 12 1
235674 17 38 31 -44 36 12 1
235675 18 38 31 -42 36 12 1
235676 19 38 31 -40 36 12 1
235744 8 39 31 -62 34 12 1
235745 9 39 31 -60 34 12 1
235746 10 39 31 -58 34 12 1
235747 11 39 31 -56 34 12 1
235748 12 39 31 -54 34 12 1
235749 13 39 31 -52 34 12 1
235750 14 39 31 -50 34 12 1
235751 15 39 31 -48 34 12 1
235752 16 39 31 -46 34 12 1
235753 17 39 31 -44 34 12 1
235754 18 39 31 -42 34 12 1
235825 10 40 31 -58 32 12 1
235826 11 40 31 -56 32 12 1
235827 12 40 31 -54 32 12 1
235828 13 40 31 -52 32 12 1
235829 14 40 31 -50 32 12 1
235830 15 40 31 -48 32 12 1
235831 16 40 31 -46 32 12 1
242146 11 25 32 -56 62 14 1
242147 12 25 32 -54 62 14 1
242224 10 26 32 -58 60 14 1
242225 11 26 32 -56 60 14 1
242226 12 26 32 -54 60 14 1
242227 13 26 32 -52 60 14 1
242228 14 26 32 -50 60 14 1
242302 9 27 32 -60 58 14 1
242303 10 27 32 -58 58 14 1
242304 11 27 32 -56 58 14 1
242305 12 27 32 -54 58 14 1
242306 13 27 32 -52 58 14 1
242307 14 27 32 -50 58 14 1
242308 15 27 32 -48 58 14 1
242309 16 27 32 -46 58 14 1
242380 8 28 32 -62 56 14 1
242381 9 28 32 -60 56 14 1
242382 10 28 32 -58 56 14 1
242383 11 28 32 -56 56 14 1
242384 12 28 32 -54 56 14 1
242385 13 28 32 -52 56 14 1
242386 14 28 32 -50 56 14 1
242387 15 28 32 -48 56 14 1
242388 16 28 32 -46 56 14 1
242459 8 29 32 -62 54 14 1
242460 9 29 32 -60 54 14 1
242461 10 29 32 -58 54 14 1
242462 11 29 32 -56 54 14 1
242463 12 29 32 -54 54 14 1
242464 13 29 32 -52 54 14 1
242465 14 29 32 -50 54 14 1
242466 15 29 32 -48 54 14 1
242467 16 29 32 -46 54 14 1
242538 8 30 32 -62 52 14 1
242539 9 30 32 -60 52 14 1
242540 10 30 32 -58 52 14 1
242541 11 30 32 -56 52 14 1
242542 12 30 32 -54 52 14 1
242543 13 30 32 -52 52 14 1
242544 14 30 32 -50 52 14 1
242545 15 30 32 -48 52 14 1
242546 16 30 32 -46 52 14 1
242616 7 31 32 -64 50 14 1
242617 8 31 32 -62 50 14 1
242618 9 31 32 -60 50 14 1
242619 10 31 32 -58 50 14 1
242620 11 31 32 -56 50 14 1
242621 12 31 32 -54 50 14 1
242622 13 31 32 -52 50 14 1
242623 14 31 32 -50 50 14 1
242624 15 31 32 -48 50 14 1
242625 16 31 32 -46 50 14 1
242626 17 31 32 -44 50 14 1
242695 7 32 32 -64 48 14 1
242696 8 32 32 -62 48 14 1
242697 9 32 32 -60 48 14 1
242698 10 32 32 -58 48 14 1
242699 11 32 32 -56 48 14 1
242700 12 32 32 -54 48 14 1
242701 13 32 32 -52 48 14 1
242702 14 32 32 -50 48 14 1
242703 15 32 32 -48 48 14 1
242704 16 32 32 -46 48 14 1
242705 17 32 32 -44 48 14 1
242706 18 32 32 -42 48 14 1
242774 7 33 32 -64 46 14 1
242775 8 33 32 -62 46 14 1
242776 9 33 32 -60 46 14 1
242777 10 33 32 -58 46 14 1
242778 11 33 32 -56 46 14 1
242779 12 33 32 -54 46 14 1
242780 13 33 32 -52 46 14 1
242781 14 33 32 -50 46 14 1
242782 15 33 32 -48 46 14 1
242783 16 33 32 -46 46 14 1
242784 17 33 32 -44 46 14 1
242785 18 33 32 -42 46 14 1
242786 19 33 32 -40 46 14 1
242853 7 34 32 -64 44 14 1
242854 8 34 32 -62 44 14 1
242855 9 34 32 -60 44 14 1
242856 10 34 32 -58 44 14 1
242857 11 34 32 -56 44 14 1
242858 12 34 32 -54 44 14 1
242859 13 34 32 -52 44 14 1
242860 14 34 32 -50 44 14 1
242861 15 34 32 -48 44 14 1
242862 16 34 32 -46 44 14 1
242863 17 34 32 -44 44 14 1
242864 18 34 32 -42 44 14 1
242865 19 34 32 -40 44 14 1
242932 7 35 32 -64 42 14 1
242933 8 35 32 -62 42 14 1
242934 9 35 32 -60 42 14 1
242935 10 35 32 -58 42 14 1
242936 11 35 32 -56 42 14 1
242937 12 35 32 -54 42 14 1
242938 13 35 32 -52 42 14 1
242939 14 35 32 -50 42 14 1
242940 15 35 32 -48 42 14 1
242941 16 35 32 -46 42 14 1
242942 17 35 32 -44 42 14 1
242943 18 35 32 -42 42 14 1
242944 19 35 32 -40 42 14 1
242945 20 35 32 -38 42 14 1
243011 7 36 32 -64 40 14 1
243012 8 36 32 -62 40 14 1
243013 9 36 32 -60 40 14 1
243014 10 36 32 -58 40 14 1
243015 11 36 32 -56 40 14 1
243016 12 36 32 -54 40 14 1
243017 13 36 32 -52 40 14 1
243018 14 36 32 -50 40 14 1
243019 15 36 32 -48 40 14 1
243020 16 36 32 -46 40 14 1
243021 17 36 32 -44 40 14 1
243022 18 36 32 -42 40 14 1
243023 19 36 32 -40 40 14 1
243090 7 37 32 -64 38 14 1
243091 8 37 32 -62 38 14 1
243092 9 37 32 -60 38 14 1
243093 10 37 32 -58 38 14 1
243094 11 37 32 -56 38 14 1
243095 12 37 32 -54 38 14 1
243096 13 37 32 -52 38 14 1
243097 14 37 32 -50 38 14 1
243098 15 37 32 -48 38 14 1
243099 16 37 32 -46 38 14 1
243100 17 37 32 -44 38 14 1
243101 18 37 32 -42 38 14 1
243102 19 37 32 -40 38 14 1
243170 8 38 32 -62 36 14 1
243171 9 38 32 -60 36 14 1
243172 10 38 32 -58 36 14 1
243173 11 38 32 -56 36 14 1
243174 12 38 32 -54 36 14 1
243175 13 38 32 -52 36 14 1
243176 14 38 32 -50 36 14 1
243177 15 38 32 -48 36 14 1
243178 16 38 32 -46 36 14 1
243179 17 38 32 -44 36 14 1
243180 18 38 32 -42 36 14 1
243252 11 39 32 -56 34 14 1
243253 12 39 32 -54 34 14 1
243254 13 39 32 -52 34 14 1
243255 14 39 32 -50 34 14 1
243256 15 39 32 -48 34 14 1
243257 16 39 32 -46 34 14 1
243258 17 39 32 -44 34 14 1
249652 12 25 33 -54 62 16 1
249729 10 26 33 -58 60 16 1
249730 11 26 33 -56 60 16 1
249731 12 26 33 -54 60 16 1
249732 13 26 33 -52 60 16 1
249733 14 26 33 -50 60 16 1
249734 15 26 33 -48 60 16 1
249807 9 27 33 -60 58 16 1
249808 10 27 33 -58 58 16 1
249809 11 27 33 -56 58 16 1
249810 12 27 33 -54 58 16 1
249811 13 27 33 -52 58 16 1
249812 14 27 33 -50 58 16 1
249813 15 27 33 -48 58 16 1
249814 16 27 33 -46 58 16 1
249886 9 28 33 -60 56 16 1
249887 10 28 33 -58 56 16 1
249888 11 28 33 -56 56 16 1
249889 12 28 33 -54 56 16 1
249890 13 28 33 -52 56 16 1
249891 14 28 33 -50 56 16 1
249892 15 28 33 -48 56 16 1
249893 16 28 33 -46 56 16 1
249964 8 29 33 -62 54 16 1
249965 9 29 33 -60 54 16 1
249966 10 29 33 -58 54 16 1
249967 11 29 33 -56 54 16 1
249968 12 29 33 -54 54 16 1
249969 13 29 33 -52 54 16 1
249970 14 29 33 -50 54 16 1
249971 15 29 33 -48 54 16 1
249972 16 29 33 -46 54 16 1
249973 17 29 33 -44 54 16 1
250043 8 30 33 -62 52 16 1
250044 9 30 33 -60 52 16 1
250045 10 30 33 -58 52 16 1
250046 11 30 33 -56 52 16 1
250047 12 30 33 -54 52 16 1
250048 13 30 33 -52 52 16 1
250049 14 30 33 -50 52 16 1
250050 15 30 33 -48 52 16 1
250051 16 30 33 -46 52 16 1
250052 17 30 33 -44 52 16 1
250122 8 31 33 -62 50 16 1
250123 9 31 33 -60 50 16 1
250124 10 31 33 -58 50 16 1
250125 11 31 33 -56 50 16 1
250126 12 31 33 -54 50 16 1
250127 13 31 33 -52 50 16 1
250128 14 31 33 -50 50 16 1
250129 15 31 33 -48 50 16 1
250130 16 31 33 -46 50 16 1
250131 17 31 33 -44 50 16 1
250201 8 32 33 -62 48 16 1
250202 9 32 33 -60 48 16 1
250203 10 32 33 -58 48 16 1
250204 11 32 33 -56 48 16 1
250205 12 32 33 -54 48 16 1
250206 13 32 33 -52 48 16 1
250207 14 32 33 -50 48 16 1
250208 15 32 33 -48 48 16 1
250209 16 32 33 -46 48 16 1
250210 17 32 33 -44 48 16 1
250211 18 32 33 -42 48 16 1
250279 7 33 33 -64 46 16 1
250280 8 33 33 -62 46 16 1
250281 9 33 33 -60 46 16 1
250282 10 33 33 -58 46 16 1
250283 11 33 33 -56 46 16 1
250284 12 33 33 -54 46 16 1
250285 13 33 33 -52 46 16 1
250286 14 33 33 -50 46 16 1
250287 15 33 33 -48 46 16 1
250288 16 33 33 -46 46 16 1
250289 17 33 33 -44 46 16 1
250290 18 33 33 -42 46 16 1
250291 19 33 33 -40 46 16 1
250358 7 34 33 -64 44 16 1
250359 8 34 33 -62 44 16 1
250360 9 34 33 -60 44 16 1
250361 10 34 33 -58 44 16 1
250362 11 34 33 -56 44 16 1
250363 12 34 33 -54 44 16 1
250364 13 34 33 -52 44 16 1
250365 14 34 33 -50 44 16 1
250366 15 34 33 -48 44 16 1
250367 16 34 33 -46 44 16 1
250368 17 34 33 -44 44 16 1
250369 18 34 33 -42 44 16 1
250370 19 34 33 -40 44 16 1
250438 8 35 33 -62 42 16 1
250439 9 35 33 -60 42 16 1
250440 10 35 33 -58 42 16 1
250441 11 35 33 -56 42 16 1
250442 12 35 33 -54 42 16 1
250443 13 35 33 -52 42 16 1
250444 14 35 33 -50 42 16 1
250445 15 35 33 -48 42 16 1
250446 16 35 33 -46 42 16 1
250447 17 35 33 -44 42 16 1
250448 18 35 33 -42 42 16 1
250449 19 35 33 -40 42 16 1
250517 8 36 33 -62 40 16 1
250518 9 36 33 -60 40 16 1
250519 10 36 33 -58 40 16 1
250520 11 36 33 -56 40 16 1
250521 12 36 33 -54 40 16 1
250522 13 36 33 -52 40 16 1
250523 14 36 33 -50 40 16 1
250524 15 36 33 -48 40 16 1
250525 16 36 33 -46 40 16 1
250526 17 36 33 -44 40 16 1
250527 18 36 33 -42 40 16 1
250528 19 36 33 -40 40 16 1
250597 9 37 33 -60 38 16 1
250598 10 37 33 -58 38 16 1
250599 11 37 33 -56 38 16 1
250600 12 37 33 -54 38 16 1
250601 13 37 33 -52 38 16 1
250602 14 37 33 -50 38 16 1
250603 15 37 33 -48 38 16 1
250604 16 37 33 -46 38 16 1
250605 17 37 33 -44 38 16 1
250606 18 37 33 -42 38 16 1
250679 12 38 33 -54 36 16 1
250680 13 38 33 -52 36 16 1
250681 14 38 33 -50 36 16 1
250682 15 38 33 -48 36 16 1
250683 16 38 33 -46 36 16 1
250684 17 38 33 -44 36 16 1
257235 11 26 34 -56 60 18 1
257236 12 26 34 -54 60 18 1
257237 13 26 34 -52 60 18 1
257238 14 26 34 -50 60 18 1
257313 10 27 34 -58 58 18 1
257314 11 27 34 -56 58 18 1
257315 12 27 34 -54 58 18 1
257316 13 27 34 -52 58 18 1
257317 14 27 34 -50 58 18 1
257318 15 27 34 -48 58 18 1
257319 16 27 34 -46 58 18 1
257391 9 28 34 -60 56 18 1
257392 10 28 34 -58 56 18 1
257393 11 28 34 -56 56 18 1
257394 12 28 34 -54 56 18 1
257395 13 28 34 -52 56 18 1
257396 14 28 34 -50 56 18 1
257397 15 28 34 -48 56 18 1
257398 16 28 34 -46 56 18 1
257470 9 29 34 -60 54 18 1
257471 10 29 34 -58 54 18 1
257472 11 29 34 -56 54 18 1
257473 12 29 34 -54 54 18 1
257474 13 29 34 -52 54 18 1
257475 14 29 34 -50 54 18 1
257476 15 29 34 -48 54 18 1
257477 16 29 34 -46 54 18 1
257549 9 30 34 -60 52 18 1
257550 10 30 34 -58 52 18 1
257551 11 30 34 -56 52 18 1
257552 12 30 34 -54 52 18 1
257553 13 30 34 -52 52 18 1
257554 14 30 34 -50 52 18 1
257555 15 30 34 -48 52 18 1
257556 16 30 34 -46 52 18 1
257557 17 30 34 -44 52 18 1
257627 8 31 34 -62 50 18 1
257628 9 31 34 -60 50 18 1
257629 10 31 34 -58 50 18 1
257630 11 31 34 -56 50 18 1
257631 12 31 34 -54 50 18 1
257632 13 31 34 -52 50 18 1
257633 14 31 34 -50 50 18 1
257634 15 31 34 -48 50 18 1
257635 16 31 34 -46 50 18 1
257636 17 31 34 -44 50 18 1
257706 8 32 34 -62 48 18 1
257707 9 32 34 -60 48 18 1
257708 10 32 34 -58 48 18 1
257709 11 32 34 -56 48 18 1
257710 12 32 34 -54 48 18 1
257711 13 32 34 -52 48 18 1
257712 14 32 34 -50 48 18 1
257713 15 32 34 -48 48 18 1
257714 16 32 34 -46 48 18 1
257715 17 32 34 -44 48 18 1
257716 18 32 34 -42 48 18 1
257785 8 33 34 -62 46 18 1
257786 9 33 34 -60 46 18 1
257787 10 33 34 -58 46 18 1
257788 11 33 34 -56 46 18 1
257789 12 33 34 -54 46 18 1
257790 13 33 34 -52 46 18 1
257791 14 33 34 -50 46 18 1
257792 15 33 34 -48 46 18 1
257793 16 33 34 -46 46 18 1
257794 17 33 34 -44 46 18 1
257795 18 33 34 -42 46 18 1
257796 19 33 34 -40 46 18 1
257864 8 34 34 -62 44 18 1
257865 9 34 34 -60 44 18 1
257866 10 34 34 -58 44 18 1
257867 11 34 34 -56 44 18 1
257868 12 34 34 -54 44 18 1
257869 13 34 34 -52 44 18 1
257870 14 34 34 -50 44 18 1
257871 15 34 34 -48 44 18 1
257872 16 34 34 -46 44 18 1
257873 17 34 34 -44 44 18 1
257874 18 34 34 -42 44 18 1
257875 19 34 34 -40 44 18 1
257944 9 35 34 -60 42 18 1
257945 10 35 34 -58 42 18 1
257946 11 35 34 -56 42 18 1
257947 12 35 34 -54 42 18 1
257948 13 35 34 -52 42 18 1
257949 14 35 34 -50 42 18 1
257950 15 35 34 -48 42 18 1
257951 16 35 34 -46 42 18 1
257952 17 35 34 -44 42 18 1
257953 18 35 34 -42 42 18 1
257954 19 35 34 -40 42 18 1
258024 10 36 34 -58 40 18 1
258025 11 36 34 -56 40 18 1
258026 12 36 34 -54 40 18 1
258027 13 36 34 -52 40 18 1
258028 14 36 34 -50 40 18 1
258029 15 36 34 -48 40 18 1
258030 16 36 34 -46 40 18 1
258031 17 36 34 -44 40 18 1
258032 18 36 34 -42 40 18 1
258106 13 37 34 -52 38 18 1
258107 14 37 34 -50 38 18 1
258108 15 37 34 -48 38 18 1
258109 16 37 34 -46 38 18 1
258110 17 37 34 -44 38 18 1
264740 11 26 35 -56 60 20 1
264741 12 26 35 -54 60 20 1
264742 13 26 35 -52 60 20 1
264818 10 27 35 -58 58 20 1
264819 11 27 35 -56 58 20 1
264820 12 27 35 -54 58 20 1
264821 13 27 35 -52 58 20 1
264822 14 27 35 -50 58 20 1
264823 15 27 35 -48 58 20 1
264897 10 28 35 -58 56 20 1
264898 11 28 35 -56 56 20 1
264899 12 28 35 -54 56 20 1
264900 13 28 35 -52 56 20 1
264901 14 28 35 -50 56 20 1
264902 15 28 35 -48 56 20 1
264903 16 28 35 -46 56 20 1
264975 9 29 35 -60 54 20 1
264976 10 29 35 -58 54 20 1
264977 11 29 35 -56 54 20 1
264978 12 29 35 -54 54 20 1
264979 13 29 35 -52 54 20 1
264980 14 29 35 -50 54 20 1
264981 15 29 35 -48 54 20 1
264982 16 29 35 -46 54 20 1
265054 9 30 35 -60 52 20 1
265055 10 30 35 -58 52 20 1
265056 11 30 35 -56 52 20 1
265057 12 30 35 -54 52 20 1
265058 13 30 35 -52 52 20 1
265059 14 30 35 -50 52 20 1
265060 15 30 35 -48 52 20 1
265061 16 30 35 -46 52 20 1
265062 17 30 35 -44 52 20 1
265133 9 31 35 -60 50 20 1
265134 10 31 35 -58 50 20 1
265135 11 31 35 -56 50 20 1
265136 12 31 35 -54 50 20 1
265137 13 31 35 -52 50 20 1
265138 14 31 35 -50 50 20 1
265139 15 31 35 -48 50 20 1
265140 16 31 35 -46 50 20 1
265141 17 31 35 -44 50 20 1
265212 9 32 35 -60 48 20 1
265213 10 32 35 -58 48 20 1
265214 11 32 35 -56 48 20 1
265215 12 32 35 -54 48 20 1
265216 13 32 35 -52 48 20 1
265217 14 32 35 -50 48 20 1
265218 15 32 35 -48 48 20 1
265219 16 32 35 -46 48 20 1
265220 17 32 35 -44 48 20 1
265221 18 32 35 -42 48 20 1
265291 9 33 35 -60 46 20 1
265292 10 33 35 -58 46 20 1
265293 11 33 35 -56 46 20 1
265294 12 33 35 -54 46 20 1
265295 13 33 35 -52 46 20 1
265296 14 33 35 -50 46 20 1
265297 15 33 35 -48 46 20 1
265298 16 33 35 -46 46 20 1
265299 17 33 35 -44 46 20 1
265300 18 33 35 -42 46 20 1
265371 10 34 35 -58 44 20 1
265372 11 34 35 -56 44 20 1
265373 12 34 35 -54 44 20 1
265374 13 34 35 -52 44 20 1
265375 14 34 35 -50 44 20 1
265376 15 34 35 -48 44 20 1
265377 16 34 35 -46 44 20 1
265378 17 34 35 -44 44 20 1
265379 18 34 35 -42 44 20 1
265454 14 35 35 -50 42 20 1
265455 15 35 35 -48 42 20 1
265456 16 35 35 -46 42 20 1
265457 17 35 35 -44 42 20 1
265458 18 35 35 -42 42 20 1
265534 15 36 35 -48 40 20 1
265535 16 36 35 -46 40 20 1
265536 17 36 35 -44 40 20 1
272324 11 27 36 -56 58 22 1
272325 12 27 36 -54 58 22 1
272326 13 27 36 -52 58 22 1
272402 10 28 36 -58 56 22 1
272403 11 28 36 -56 56 22 1
272404 12 28 36 -54 56 22 1
272405 13 28 36 -52 56 22 1
272406 14 28 36 -50 56 22 1
272407 15 28 36 -48 56 22 1
272481 10 29 36 -58 54 22 1
272482 11 29 36 -56 54 22 1
272483 12 29 36 -54 54 22 1
272484 13 29 36 -52 54 22 1
272485 14 29 36 -50 54 22 1
272486 15 29 36 -48 54 22 1
272487 16 29 36 -46 54 22 1
272560 10 30 36 -58 52 22 1
272561 11 30 36 -56 52 22 1
272562 12 30 36 -54 52 22 1
272563 13 30 36 -52 52 22 1
272564 14 30 36 -50 52 22 1
272565 15 30 36 -48 52 22 1
272566 16 30 36 -46 52 22 1
272639 10 31 36 -58 50 22 1
272640 11 31 36 -56 50 22 1
272641 12 31 36 -54 50 22 1
272642 13 31 36 -52 50 22 1
272643 14 31 36 -50 50 22 1
272644 15 31 36 -48 50 22 1
272645 16 31 36 -46 50 22 1
272646 17 31 36 -44 50 22 1
272718 10 32 36 -58 48 22 1
272719 11 32 36 -56 48 22 1
272720 12 32 36 -54 48 22 1
272721 13 32 36 -52 48 22 1
272722 14 32 36 -50 48 22 1
272723 15 32 36 -48 48 22 1
272724 16 32 36 -46 48 22 1
272725 17 32 36 -44 48 22 1
272801 14 33 36 -50 46 22 1
272802 15 33 36 -48 46 22 1
272803 16 33 36 -46 46 22 1
272804 17 33 36 -44 46 22 1
272881 15 34 36 -48 44 22 1
272882 16 34 36 -46 44 22 1
272883 17 34 36 -44 44 22 1
272961 16 35 36 -46 42 22 1
272962 17 35 36 -44 42 22 1
279908 11 28 37 -56 56 24 1
279909 12 28 37 -54 56 24 1
279986 10 29 37 -58 54 24 1
279987 11 29 37 -56 54 24 1
279988 12 29 37 -54 54 24 1
279989 13 29 37 -52 54 24 1
279990 14 29 37 -50 54 24 1
280066 11 30 37 -56 52 24 1
280067 12 30 37 -54 52 24 1
280068 13 30 37 -52 52 24 1
280069 14 30 37 -50 52 24 1
280070 15 30 37 -48 52 24 1
280147 13 31 37 -52 50 24 1
280148 14 31 37 -50 50 24 1
280149 15 31 37 -48 50 24 1
