38.265 -10.436 -20.872 10
-55.658 38.265 -27.829 10
-48.7 38.265 -27.829 10
-52.179 41.743 -27.829 10
-41.743 55.658 -27.829 10
-38.265 55.658 -27.829 10
-38.265 62.615 -27.829 10
-38.265 66.093 -27.829 10
-27.829 66.093 -27.829 10
45.222 -20.872 -17.393 10
34.786 17.393 -20.872 10
-41.743 38.265 -24.35 10
-41.743 41.743 -24.35 10
38.265 55.658 -24.35 10
-38.265 59.136 -24.35 10
-41.743 73.051 -27.829 10
-27.829 80.008 -27.829 10
27.829 83.486 -27.829 10
52.179 24.35 -17.393 10
-41.743 38.265 -17.393 10
-41.743 41.743 -17.393 10
-24.35 45.222 -20.872 10
-20.872 45.222 -20.872 10
48.7 41.743 -20.872 10
20.872 59.136 -20.872 10
-24.35 62.615 -20.872 10
20.872 62.615 -20.872 10
20.872 66.093 -20.872 10
-41.743 69.572 -20.872 10
38.265 80.008 -24.35 10
-17.393 90.444 -24.35 10
-3.4786 -48.7 -6.9572 10
0 -34.786 -6.9572 10
0 -31.307 -6.9572 10
24.35 38.265 -13.914 10
-31.307 45.222 -13.914 10
-27.829 45.222 -13.914 10
24.35 41.743 -13.914 10
-27.829 48.7 -17.393 10
20.872 45.222 -17.393 10
24.35 45.222 -17.393 10
-45.222 80.008 -17.393 10
-41.743 80.008 -17.393 10
-20.872 90.444 -20.872 10
-17.393 90.444 -20.872 10
13.914 -59.136 0 10
0 -55.658 -3.4786 10
-41.743 -41.743 -3.4786 10
-38.265 -41.743 -3.4786 10
24.35 41.743 -10.436 10
27.829 41.743 -10.436 10
24.35 45.222 -10.436 10
27.829 45.222 -10.436 10
-17.393 -45.222 0 10
6.9572 -27.829 0 10
-17.393 -55.658 6.9572 10
38.265 -20.872 6.9572 10
55.658 -10.436 6.9572 10
-48.7 66.093 -3.4786 10
-27.829 73.051 -3.4786 10
13.914 90.444 -3.4786 10
-52.179 41.743 3.4786 10
55.658 -6.9572 13.914 10
59.136 6.9572 10.436 10
-48.7 -6.9572 20.872 10
59.136 31.307 17.393 10
20.872 73.051 13.914 10
20.872 76.529 13.914 10
-52.179 -6.9572 24.35 10
13.914 -24.35 34.786 10
52.179 6.9572 31.307 10
-45.222 31.307 27.829 10
-3.4786 -38.265 41.743 10
-27.829 -17.393 38.265 10
52.179 20.872 34.786 10
34.786 24.35 34.786 10
-3.4786 -38.265 45.222 10
-3.4786 -34.786 45.222 10
-27.829 20.872 38.265 10
-45.222 27.829 38.265 10
-38.265 66.093 34.786 10
0 -34.786 48.7 10
-31.307 24.35 41.743 10
-45.222 27.829 41.743 10
17.393 55.658 38.265 10
27.829 -3.4786 48.7 10
31.307 -6.9572 52.179 10
27.829 -3.4786 52.179 10
31.307 -3.4786 52.179 10
17.393 -10.436 55.658 10
20.872 -10.436 55.658 10
