-13.914 -20.872 -27.829 10
-13.914 -17.393 -27.829 10
20.872 -17.393 -24.35 10
-34.786 -31.307 -17.393 10
13.914 3.4786 -24.35 10
27.829 -24.35 -17.393 10
-48.7 38.265 -24.35 10
-45.222 41.743 -24.35 10
41.743 62.615 -27.829 10
-27.829 31.307 -17.393 10
-45.222 45.222 -20.872 10
17.393 62.615 -24.35 10
-45.222 45.222 -17.393 10
17.393 69.572 -20.872 10
10.436 -55.658 3.4786 10
20.872 86.965 -3.4786 10
-20.872 80.008 6.9572 10
17.393 86.965 6.9572 10
59.136 27.829 31.307 10
6.9572 -41.743 52.179 10
0 69.572 38.265 10
10.436 69.572 38.265 10
-24.35 73.051 38.265 10
-24.35 0 48.7 10
27.829 -31.307 59.136 10
17.393 13.914 52.179 10
-38.265 0 59.136 10
13.914 27.829 55.658 10
