45.222 -10.436 -27.829 10
-38.265 73.051 -45.222 10
-17.393 83.486 -45.222 10
13.914 83.486 -45.222 10
38.265 17.393 -24.35 10
38.265 62.615 -34.786 10
38.265 66.093 -34.786 10
41.743 73.051 -38.265 10
-27.829 38.265 -27.829 10
-31.307 55.658 -31.307 10
20.872 34.786 -20.872 10
27.829 52.179 -24.35 10
31.307 55.658 -27.829 10
45.222 69.572 -27.829 10
27.829 45.222 -20.872 10
45.222 73.051 -24.35 10
-20.872 -20.872 -3.4786 10
24.35 -24.35 -3.4786 10
-6.9572 90.444 -27.829 10
-24.35 -27.829 0 10
-24.35 -20.872 0 10
17.393 55.658 -17.393 10
41.743 66.093 -17.393 10
41.743 69.572 -17.393 10
48.7 69.572 -17.393 10
13.914 -52.179 10.436 10
-34.786 -20.872 3.4786 10
24.35 -17.393 3.4786 10
-55.658 31.307 -10.436 10
-41.743 52.179 -13.914 10
-45.222 59.136 -13.914 10
24.35 -20.872 6.9572 10
41.743 59.136 -6.9572 10
-27.829 -41.743 17.393 10
-45.222 -24.35 17.393 10
-59.136 10.436 10.436 10
-41.743 -24.35 20.872 10
-45.222 -20.872 20.872 10
24.35 -41.743 31.307 10
27.829 -34.786 31.307 10
6.9572 -24.35 31.307 10
3.4786 -17.393 31.307 10
3.4786 -13.914 27.829 10
-6.9572 34.786 17.393 10
-10.436 -27.829 34.786 10
-10.436 -20.872 34.786 10
-13.914 -17.393 34.786 10
27.829 52.179 20.872 10
17.393 76.529 13.914 10
-10.436 -13.914 34.786 10
-6.9572 -13.914 38.265 10
-6.9572 -3.4786 34.786 10
3.4786 -17.393 52.179 10
13.914 13.914 48.7 10
-34.786 20.872 41.743 10
