-45.222 -6.9572 -38.265 10
31.307 10.436 -27.829 10
-24.35 -17.393 -20.872 10
-41.743 34.786 -20.872 10
31.307 59.136 -20.872 10
-55.658 48.7 -17.393 10
-38.265 48.7 -17.393 10
31.307 59.136 -17.393 10
52.179 -10.436 -10.436 10
-20.872 31.307 -13.914 10
-66.093 45.222 -3.4786 10
20.872 -62.615 17.393 10
-66.093 13.914 17.393 10
-62.615 48.7 20.872 10
-10.436 55.658 24.35 10
-6.9572 41.743 34.786 10
-27.829 66.093 34.786 10
20.872 10.436 52.179 10
34.786 45.222 55.658 10
10.436 6.9572 66.093 10
-17.393 41.743 66.093 10
-20.872 38.265 73.051 10
